"state";"Model";"#Obs";"#Param";"DF";"SSE";"MSE";"Auto Corr";"Segment";"Joinpoint";"Joinpoint 95% LCL";"Joinpoint 95% UCL";"Intercept Estimate";"Intercept Std Error";"Intercept Test Statistic";"Intercept P-Value";"Slope Estimate";"Slope Std Error";"Slope Test Statistic";"Slope P-Value";"SlopeChg Estimate";"SlopeChg Std Error";"SlopeChg Test Statistic";"SlopeChg P-Value";"Covar-Int vs Int";"Covar-Int vs Slope";"Covar-Slope vs Slope";"Corr-Int vs Int";"Corr-Int vs Slope";"Corr-Slope vs Slope"
"Alabama";3;21;8;13;41.512135;3.193241;Uncorrelated;0;NA;NA;NA;-60.118077;118.704257;-0.506453;0.623517;0.030794;0.059335;0.518992;0.615057;NA;NA;NA;NA;14090.700623;0.000000;47192.531618;1.000000;0.000000;1.000000
"Alabama";3;21;8;13;41.512135;3.193241;Uncorrelated;1;2003;2001;2010;-407.479124;85.816469;-4.748263;0.000782;0.204215;0.042785;4.773056;0.000754;0.173420;0.073151;2.370702;0.039230;0.003521;0.000000;0.011687;1.000000;0.000000;1.000000
"Alabama";3;21;8;13;41.512135;3.193241;Uncorrelated;2;2008;2004;2014;61.173024;217.238421;0.281594;0.783996;-0.029178;0.108108;-0.269897;0.792727;-0.233393;0.116266;-2.007400;0.072488;7364.466301;0.000000;497.112538;1.000000;0.000000;1.000000
"Alabama";3;21;8;13;41.512135;3.193241;Uncorrelated;3;2011;2007;2017;-98.250904;22.296021;-4.406656;0.001321;0.050098;0.011061;4.529224;0.001093;0.079276;0.108672;0.729497;0.482435;0.001831;0.000000;0.000122;1.000000;0.000000;1.000000
"Alaska";0;21;2;19;53.856824;2.834570;Uncorrelated;0;NA;NA;NA;-63.021379;13.311583;-4.734327;0.000144;0.032674;0.006621;4.934826;0.000092;NA;NA;NA;NA;177.198235;-0.088136;0.000044;1.000000;-0.999996;1.000000
"Arizona";1;21;4;17;37.088861;2.181698;Uncorrelated;0;NA;NA;NA;-70.937954;5.339160;-13.286351;0.000000;0.036683;0.002659;13.798156;0.000000;NA;NA;NA;NA;28.506630;0.000000;2869.442741;1.000000;0.000000;1.000000
"Arizona";1;21;4;17;37.088861;2.181698;Uncorrelated;1;2016;2013;2017;-173.771195;53.567180;-3.243986;0.005085;0.087691;0.026544;3.303654;0.004485;0.051009;0.026677;1.912114;0.073938;0.000007;0.000000;0.000705;1.000000;0.000000;1.000000
"Arkansas";1;21;4;17;31.665251;1.862662;Uncorrelated;0;NA;NA;NA;-270.931576;39.537541;-6.852515;0.000004;0.136266;0.019743;6.901844;0.000004;NA;NA;NA;NA;1563.217139;0.000000;115.402134;1.000000;0.000000;1.000000
"Arkansas";1;21;4;17;31.665251;1.862662;Uncorrelated;1;2006;2004;2009;-41.553192;10.742539;-3.868098;0.001362;0.021920;0.005336;4.108105;0.000822;-0.114346;0.020452;-5.591016;0.000041;0.000390;0.000000;0.000028;1.000000;0.000000;1.000000
"California";0;21;2;19;1189.096491;62.584026;Uncorrelated;0;NA;NA;NA;-59.308719;9.720457;-6.101433;0.000007;0.030664;0.004835;6.342464;0.000004;NA;NA;NA;NA;94.487283;-0.046995;0.000023;1.000000;-0.999996;1.000000
"Colorado";1;21;4;17;32.667645;1.921626;Uncorrelated;0;NA;NA;NA;-148.128987;20.035736;-7.393239;0.000002;0.075125;0.010003;7.510278;0.000001;NA;NA;NA;NA;401.430723;0.000000;64.165222;1.000000;0.000000;1.000000
"Colorado";1;21;4;17;32.667645;1.921626;Uncorrelated;1;2007;2004;2009;-33.202082;8.010320;-4.144913;0.000761;0.017862;0.003977;4.490835;0.000370;-0.057263;0.010765;-5.319479;0.000069;0.000100;0.000000;0.000016;1.000000;0.000000;1.000000
"Connecticut";2;21;6;15;43.250220;2.883348;Uncorrelated;0;NA;NA;NA;-44.272804;13.872596;-3.191386;0.007084;0.023236;0.006918;3.358785;0.005133;NA;NA;NA;NA;192.448929;0.000000;0.002324;1.000000;0.000000;1.000000
"Connecticut";2;21;6;15;43.250220;2.883348;Uncorrelated;1;2012;2009;2013;-420.892830;97.099918;-4.334636;0.000810;0.210423;0.048210;4.364719;0.000766;0.187187;0.048704;3.843374;0.002033;0.000048;0.000000;5691.923807;1.000000;0.000000;1.000000
"Connecticut";2;21;6;15;43.250220;2.883348;Uncorrelated;2;2016;2014;2017;-140.797150;75.444839;-1.866226;0.084727;0.071487;0.037385;1.912162;0.078146;-0.138936;0.061007;-2.277384;0.040314;9428.394145;0.000000;0.001398;1.000000;0.000000;1.000000
"Delaware";1;21;4;17;30.011329;1.765372;Uncorrelated;0;NA;NA;NA;-149.842074;17.185846;-8.718923;0.000000;0.075901;0.008561;8.866228;0.000000;NA;NA;NA;NA;295.353295;0.000000;2662.246784;1.000000;0.000000;1.000000
"Delaware";1;21;4;17;30.011329;1.765372;Uncorrelated;1;2014;2011;2016;-359.751040;51.596965;-6.972329;0.000003;0.180126;0.025577;7.042612;0.000003;0.104225;0.026971;3.864304;0.001373;0.000073;0.000000;0.000654;1.000000;0.000000;1.000000
"District of Columbia";1;21;4;17;151.807166;8.929833;Uncorrelated;0;NA;NA;NA;38.089357;65.649148;0.580196;0.569864;-0.017713;0.032755;-0.540783;0.596107;NA;NA;NA;NA;4309.810672;0.000000;6243.760740;1.000000;0.000000;1.000000
"District of Columbia";1;21;4;17;151.807166;8.929833;Uncorrelated;1;2011;2007;2015;-356.678497;79.017471;-4.513919;0.000353;0.178591;0.039185;4.557651;0.000323;0.196304;0.051072;3.843692;0.001434;0.001073;0.000000;0.001535;1.000000;0.000000;1.000000
"Florida";3;21;8;13;346.820804;26.678523;Uncorrelated;0;NA;NA;NA;-151.106211;24.511509;-6.164705;0.000106;0.076656;0.012229;6.268256;0.000093;NA;NA;NA;NA;600.814053;0.000000;66058.365715;1.000000;0.000000;1.000000
"Florida";3;21;8;13;346.820804;26.678523;Uncorrelated;1;2009;2001;2011;222.536932;129.368067;1.720184;0.116138;-0.109328;0.064332;-1.699436;0.120078;-0.185985;0.065484;-2.840148;0.017544;0.000150;0.000000;0.016277;1.000000;0.000000;1.000000
"Florida";3;21;8;13;346.820804;26.678523;Uncorrelated;2;2013;2004;2014;-442.708834;257.018221;-1.722480;0.115709;0.221147;0.127581;1.733383;0.113693;0.330475;0.142883;2.312908;0.043293;16736.096754;0.000000;9313.052580;1.000000;0.000000;1.000000
"Florida";3;21;8;13;346.820804;26.678523;Uncorrelated;3;2016;2011;2017;-64.274242;96.504158;-0.666026;0.520462;0.033431;0.047821;0.699080;0.500438;-0.187716;0.136249;-1.377739;0.198332;0.004139;0.000000;0.002287;1.000000;0.000000;1.000000
"Georgia";3;21;8;13;23.712041;1.824003;Uncorrelated;0;NA;NA;NA;-544.312213;180.894382;-3.009006;0.013140;0.272910;0.090467;3.016687;0.012969;NA;NA;NA;NA;32722.777415;0.000000;57.521961;1.000000;0.000000;1.000000
"Georgia";3;21;8;13;23.712041;1.824003;Uncorrelated;1;2001;2001;2008;-160.236574;40.230866;-3.982926;0.002589;0.080968;0.020079;4.032464;0.002390;-0.191942;0.092668;-2.071276;0.065144;0.008184;0.000000;0.000014;1.000000;0.000000;1.000000
"Georgia";3;21;8;13;23.712041;1.824003;Uncorrelated;2;2006;2004;2014;-77.201812;7.584323;-10.179130;0.000001;0.039575;0.003770;10.497885;0.000001;-0.041393;0.020430;-2.026100;0.070261;1618.522595;0.000000;7716.367551;1.000000;0.000000;1.000000
"Georgia";3;21;8;13;23.712041;1.824003;Uncorrelated;3;2017;2007;2017;59.017447;87.842857;0.671853;0.516898;-0.027960;0.043519;-0.642486;0.535009;-0.067536;0.043682;-1.546079;0.153122;0.000403;0.000000;0.001894;1.000000;0.000000;1.000000
"Hawaii";0;21;2;19;27.088245;1.425697;Uncorrelated;0;NA;NA;NA;-90.132351;7.812042;-11.537617;0.000000;0.045989;0.003885;11.838051;0.000000;NA;NA;NA;NA;61.028003;-0.030348;0.000015;1.000000;-0.999996;1.000000
"Idaho";3;21;8;13;8.942031;0.687849;Uncorrelated;0;NA;NA;NA;-376.454113;134.509505;-2.798718;0.018836;0.189122;0.067250;2.812236;0.018404;NA;NA;NA;NA;18092.806883;0.000000;3953.796832;1.000000;0.000000;1.000000
"Idaho";3;21;8;13;8.942031;0.687849;Uncorrelated;1;2002;2001;2004;81.847880;239.646336;0.341536;0.739768;-0.039800;0.119615;-0.332736;0.746204;-0.228922;0.137223;-1.668249;0.126228;0.004523;0.000000;0.000981;1.000000;0.000000;1.000000
"Idaho";3;21;8;13;8.942031;0.687849;Uncorrelated;2;2005;2004;2014;-178.764456;62.879224;-2.842981;0.017459;0.090181;0.031320;2.879322;0.016405;0.129981;0.123647;1.051228;0.317894;57430.366184;0.000000;225.190706;1.000000;0.000000;1.000000
"Idaho";3;21;8;13;8.942031;0.687849;Uncorrelated;3;2010;2007;2017;-49.683337;15.006356;-3.310820;0.007868;0.025962;0.007446;3.486534;0.005857;-0.064219;0.032193;-1.994810;0.074025;0.014308;0.000000;0.000055;1.000000;0.000000;1.000000
"Illinois";2;21;6;15;109.212844;7.280856;Uncorrelated;0;NA;NA;NA;-85.452406;9.481682;-9.012368;0.000001;0.043701;0.004725;9.249613;0.000000;NA;NA;NA;NA;89.902300;0.000000;0.006983;1.000000;0.000000;1.000000
"Illinois";2;21;6;15;109.212844;7.280856;Uncorrelated;1;2014;2012;2014;-338.722798;168.428874;-2.011073;0.065527;0.169456;0.083564;2.027856;0.063582;0.125755;0.083697;1.502494;0.156867;0.000022;0.000000;21685.952153;1.000000;0.000000;1.000000
"Illinois";2;21;6;15;109.212844;7.280856;Uncorrelated;2;2017;2015;2017;-6.051760;147.261509;-0.041095;0.967844;0.004522;0.072956;0.061985;0.951518;-0.164934;0.110930;-1.486825;0.160908;28368.285600;0.000000;0.005323;1.000000;0.000000;1.000000
"Indiana";3;21;8;13;25.767814;1.982140;Uncorrelated;0;NA;NA;NA;-387.690873;21.865259;-17.730907;0.000000;0.194506;0.010917;17.816199;0.000000;NA;NA;NA;NA;478.089566;0.000000;6762.237105;1.000000;0.000000;1.000000
"Indiana";3;21;8;13;25.767814;1.982140;Uncorrelated;1;2006;2004;2008;-91.358328;13.352762;-6.841905;0.000045;0.046783;0.006643;7.042864;0.000035;-0.147723;0.012779;-11.559512;0.000000;0.000119;0.000000;0.001665;1.000000;0.000000;1.000000
"Indiana";3;21;8;13;25.767814;1.982140;Uncorrelated;2;2014;2012;2014;-319.629000;82.232823;-3.886879;0.003025;0.160124;0.040799;3.924698;0.002845;0.113342;0.041336;2.741941;0.020763;178.296257;0.000000;5626.412023;1.000000;0.000000;1.000000
"Indiana";3;21;8;13;25.767814;1.982140;Uncorrelated;3;2017;2016;2017;90.398324;75.009413;1.205160;0.255886;-0.043161;0.037161;-1.161473;0.272423;-0.203286;0.055186;-3.683645;0.004221;0.000044;0.000000;0.001381;1.000000;0.000000;1.000000
"Iowa";1;21;4;17;17.253129;1.014890;Uncorrelated;0;NA;NA;NA;-315.111376;32.036500;-9.836011;0.000000;0.157980;0.015992;9.878810;0.000000;NA;NA;NA;NA;1026.337364;0.000000;118.117215;1.000000;0.000000;1.000000
"Iowa";1;21;4;17;17.253129;1.014890;Uncorrelated;1;2007;2005;2009;-79.881178;10.868174;-7.350009;0.000002;0.040776;0.005396;7.556156;0.000001;-0.117205;0.016878;-6.944331;0.000003;0.000256;0.000000;0.000029;1.000000;0.000000;1.000000
"Kansas";1;21;4;17;24.522612;1.442507;Uncorrelated;0;NA;NA;NA;-364.472867;68.992310;-5.282804;0.000074;0.182953;0.034472;5.307252;0.000071;NA;NA;NA;NA;4759.938853;0.000000;75.488867;1.000000;0.000000;1.000000
"Kansas";1;21;4;17;24.522612;1.442507;Uncorrelated;1;2004;2002;2006;-52.945313;8.688433;-6.093770;0.000016;0.027500;0.004317;6.370022;0.000009;-0.155453;0.034742;-4.474545;0.000383;0.001188;0.000000;0.000019;1.000000;0.000000;1.000000
"Kentucky";2;21;6;15;84.181906;5.612127;Uncorrelated;0;NA;NA;NA;-491.618365;120.746838;-4.071480;0.001322;0.246726;0.060348;4.088352;0.001281;NA;NA;NA;NA;14579.798919;0.000000;0.000033;1.000000;0.000000;1.000000
"Kentucky";2;21;6;15;84.181906;5.612127;Uncorrelated;1;2003;2001;2006;-136.525341;11.549568;-11.820818;0.000000;0.069445;0.005743;12.091379;0.000000;-0.177281;0.060621;-2.924401;0.011840;0.003642;0.000000;32571.825837;1.000000;0.000000;1.000000
"Kentucky";2;21;6;15;84.181906;5.612127;Uncorrelated;2;2017;2010;2017;101.012914;180.476663;0.559701;0.585199;-0.048323;0.089411;-0.540459;0.598019;-0.117768;0.089595;-1.314449;0.211415;133.392511;0.000000;0.007994;1.000000;0.000000;1.000000
"Louisiana";2;21;6;15;76.248969;5.083265;Uncorrelated;0;NA;NA;NA;-398.810989;40.422886;-9.865970;0.000000;0.200265;0.020183;9.922376;0.000000;NA;NA;NA;NA;1634.009724;0.000000;0.002948;1.000000;0.000000;1.000000
"Louisiana";2;21;6;15;76.248969;5.083265;Uncorrelated;1;2006;2004;2008;210.372669;109.016089;1.929740;0.075752;-0.103416;0.054294;-1.904748;0.079175;-0.303681;0.057924;-5.242746;0.000159;0.000407;0.000000;325.126004;1.000000;0.000000;1.000000
"Louisiana";2;21;6;15;76.248969;5.083265;Uncorrelated;2;2010;2008;2013;-184.863402;18.031251;-10.252389;0.000000;0.093219;0.008946;10.420515;0.000000;0.196635;0.055026;3.573493;0.003400;11884.507588;0.000000;0.000080;1.000000;0.000000;1.000000
"Maine";3;21;8;13;23.236175;1.787398;Uncorrelated;0;NA;NA;NA;-472.085504;105.667570;-4.467648;0.001202;0.236924;0.052812;4.486204;0.001168;NA;NA;NA;NA;11165.635379;0.000000;4551.225778;1.000000;0.000000;1.000000
"Maine";3;21;8;13;23.236175;1.787398;Uncorrelated;1;2003;2001;2008;9.834172;29.060396;0.338405;0.742056;-0.003675;0.014476;-0.253864;0.804744;-0.240599;0.054760;-4.393719;0.001348;0.002789;0.000000;0.001121;1.000000;0.000000;1.000000
"Maine";3;21;8;13;23.236175;1.787398;Uncorrelated;2;2012;2010;2014;-428.430665;67.462773;-6.350623;0.000083;0.214151;0.033484;6.395674;0.000079;0.217825;0.036479;5.971269;0.000137;844.506597;0.000000;31014.115038;1.000000;0.000000;1.000000
"Maine";3;21;8;13;23.236175;1.787398;Uncorrelated;3;2017;2015;2017;164.038947;176.108248;0.931467;0.373554;-0.079588;0.087246;-0.912217;0.383119;-0.293738;0.093451;-3.143236;0.010452;0.000210;0.000000;0.007612;1.000000;0.000000;1.000000
"Maryland";2;21;6;15;96.575148;6.438343;Uncorrelated;0;NA;NA;NA;-9.888268;10.186242;-0.970747;0.349390;0.006182;0.005079;1.217292;0.245130;NA;NA;NA;NA;103.759531;0.000000;0.007147;1.000000;0.000000;1.000000
"Maryland";2;21;6;15;96.575148;6.438343;Uncorrelated;1;2013;2011;2014;-619.363127;170.306161;-3.636763;0.003013;0.308952;0.084538;3.654578;0.002912;0.302769;0.084691;3.575002;0.003390;0.000026;0.000000;3717.354755;1.000000;0.000000;1.000000
"Maryland";2;21;6;15;96.575148;6.438343;Uncorrelated;2;2016;2015;2017;-118.560147;60.970114;-1.944562;0.073787;0.060538;0.030213;2.003699;0.066399;-0.248414;0.089775;-2.767077;0.016007;29004.188386;0.000000;0.000913;1.000000;0.000000;1.000000
"Massachusetts";3;21;8;13;101.216098;7.785854;Uncorrelated;0;NA;NA;NA;-154.132191;45.620475;-3.378575;0.007019;0.078142;0.022784;3.429699;0.006442;NA;NA;NA;NA;2081.227711;0.000000;13700.169391;1.000000;0.000000;1.000000
"Massachusetts";3;21;8;13;101.216098;7.785854;Uncorrelated;1;2006;2001;2010;50.180051;64.881385;0.773412;0.457171;-0.023708;0.032296;-0.734094;0.479750;-0.101851;0.039524;-2.576924;0.027561;0.000519;0.000000;0.003377;1.000000;0.000000;1.000000
"Massachusetts";3;21;8;13;101.216098;7.785854;Uncorrelated;2;2012;2009;2014;-504.559041;117.047723;-4.310712;0.001535;0.252007;0.058113;4.336531;0.001474;0.275715;0.066484;4.147097;0.001989;4209.594079;0.000000;8600.560794;1.000000;0.000000;1.000000
"Massachusetts";3;21;8;13;101.216098;7.785854;Uncorrelated;3;2016;2014;2017;14.469805;92.739209;0.156027;0.879117;-0.005448;0.045956;-0.118548;0.907981;-0.257455;0.074088;-3.474994;0.005971;0.001043;0.000000;0.002112;1.000000;0.000000;1.000000
"Michigan";3;21;8;13;28.241843;2.172449;Uncorrelated;0;NA;NA;NA;-209.981824;12.401813;-16.931543;0.000000;0.105859;0.006187;17.108768;0.000000;NA;NA;NA;NA;153.804966;0.000000;1113.633205;1.000000;0.000000;1.000000
"Michigan";3;21;8;13;28.241843;2.172449;Uncorrelated;1;2009;2005;2010;56.858557;122.266875;0.465036;0.651867;-0.026964;0.060814;-0.443376;0.666932;-0.132822;0.061128;-2.172852;0.054905;0.000038;0.000000;0.000274;1.000000;0.000000;1.000000
"Michigan";3;21;8;13;28.241843;2.172449;Uncorrelated;2;2012;2011;2014;-287.091029;33.371143;-8.602973;0.000006;0.143986;0.016564;8.692628;0.000006;0.170949;0.063030;2.712200;0.021851;14949.188730;0.000000;8643.098742;1.000000;0.000000;1.000000
"Michigan";3;21;8;13;28.241843;2.172449;Uncorrelated;3;2017;2016;2017;127.240178;92.968267;1.368641;0.201070;-0.061434;0.046059;-1.333823;0.211843;-0.205420;0.048947;-4.196815;0.001838;0.003698;0.000000;0.002121;1.000000;0.000000;1.000000
"Minnesota";1;21;4;17;37.869867;2.227639;Uncorrelated;0;NA;NA;NA;-233.852905;41.708358;-5.606860;0.000039;0.117489;0.020828;5.640927;0.000037;NA;NA;NA;NA;1739.587136;0.000000;102.389026;1.000000;0.000000;1.000000
"Minnesota";1;21;4;17;37.869867;2.227639;Uncorrelated;1;2006;2001;2012;-122.622774;10.118746;-12.118376;0.000000;0.062041;0.005025;12.347539;0.000000;-0.055449;0.021425;-2.587979;0.019819;0.000434;0.000000;0.000025;1.000000;0.000000;1.000000
"Mississippi";1;21;4;17;29.458112;1.732830;Uncorrelated;0;NA;NA;NA;-284.988593;37.489599;-7.601804;0.000001;0.143258;0.018720;7.652451;0.000001;NA;NA;NA;NA;1405.470020;0.000000;103.005632;1.000000;0.000000;1.000000
"Mississippi";1;21;4;17;29.458112;1.732830;Uncorrelated;1;2006;2004;2007;-15.751215;10.149169;-1.551971;0.140223;0.009042;0.005041;1.793459;0.091821;-0.134216;0.019387;-6.922837;0.000003;0.000350;0.000000;0.000025;1.000000;0.000000;1.000000
"Missouri";1;21;4;17;77.831482;4.578322;Uncorrelated;0;NA;NA;NA;-305.046478;71.493206;-4.266790;0.000590;0.153384;0.035723;4.293716;0.000558;NA;NA;NA;NA;5111.278533;0.000000;69.651504;1.000000;0.000000;1.000000
"Missouri";1;21;4;17;77.831482;4.578322;Uncorrelated;1;2004;2001;2008;-125.659540;8.345748;-15.056715;0.000000;0.063870;0.004146;15.406534;0.000000;-0.089514;0.035963;-2.489089;0.024199;0.001276;0.000000;0.000017;1.000000;0.000000;1.000000
"Montana";2;21;6;15;14.133306;0.942220;Uncorrelated;0;NA;NA;NA;-433.498322;119.132355;-3.638796;0.003001;0.217573;0.059543;3.654072;0.002915;NA;NA;NA;NA;14192.518077;0.000000;0.000881;1.000000;0.000000;1.000000
"Montana";2;21;6;15;14.133306;0.942220;Uncorrelated;1;2003;2001;2005;-106.632967;59.558197;-1.790400;0.096693;0.054386;0.029687;1.831936;0.089963;-0.163188;0.066533;-2.452725;0.029064;0.003545;0.000000;389.408023;1.000000;0.000000;1.000000
"Montana";2;21;6;15;14.133306;0.942220;Uncorrelated;2;2009;2005;2014;23.427390;19.733424;1.187193;0.256392;-0.010353;0.009796;-1.056939;0.309785;-0.064739;0.031262;-2.070863;0.058838;3547.178810;0.000000;0.000096;1.000000;0.000000;1.000000
"Nebraska";1;21;4;17;19.483428;1.146084;Uncorrelated;0;NA;NA;NA;-150.597318;22.000810;-6.845081;0.000004;0.075854;0.010970;6.914399;0.000003;NA;NA;NA;NA;484.035628;0.000000;847.095221;1.000000;0.000000;1.000000
"Nebraska";1;21;4;17;19.483428;1.146084;Uncorrelated;1;2011;2004;2013;-27.302040;29.104900;-0.938056;0.362161;0.014544;0.014440;1.007217;0.328821;-0.061310;0.018134;-3.380904;0.003811;0.000120;0.000000;0.000209;1.000000;0.000000;1.000000
"Nevada";1;21;4;17;27.136593;1.596270;Uncorrelated;0;NA;NA;NA;-105.387008;15.032359;-7.010677;0.000003;0.053973;0.007500;7.196207;0.000002;NA;NA;NA;NA;225.971805;0.000000;129.207625;1.000000;0.000000;1.000000
"Nevada";1;21;4;17;27.136593;1.596270;Uncorrelated;1;2009;2005;2012;5.637533;11.366953;0.495958;0.626667;-0.001290;0.005642;-0.228704;0.821997;-0.055264;0.009386;-5.888149;0.000023;0.000056;0.000000;0.000032;1.000000;0.000000;1.000000
"New Hampshire";3;21;8;13;40.902274;3.146329;Uncorrelated;0;NA;NA;NA;-488.135268;179.097400;-2.725530;0.021357;0.244846;0.089511;2.735384;0.020998;NA;NA;NA;NA;32075.878742;0.000000;21800.870989;1.000000;0.000000;1.000000
"New Hampshire";3;21;8;13;40.902274;3.146329;Uncorrelated;1;2003;2001;2010;-74.294718;42.731971;-1.738621;0.112735;0.038235;0.021284;1.796458;0.102643;-0.206610;0.092006;-2.245615;0.048540;0.008012;0.000000;0.005373;1.000000;0.000000;1.000000
"New Hampshire";3;21;8;13;40.902274;3.146329;Uncorrelated;2;2012;2009;2014;-543.455086;147.651180;-3.680669;0.004242;0.271416;0.073304;3.702614;0.004091;0.233181;0.076331;3.054856;0.012151;1826.021346;0.000000;14451.863362;1.000000;0.000000;1.000000
"New Hampshire";3;21;8;13;40.902274;3.146329;Uncorrelated;3;2016;2014;2017;170.145128;120.215903;1.415330;0.187351;-0.082552;0.059573;-1.385725;0.195955;-0.353968;0.094459;-3.747338;0.003800;0.000453;0.000000;0.003549;1.000000;0.000000;1.000000
"New Jersey";1;21;4;17;563.250672;33.132392;Uncorrelated;0;NA;NA;NA;4.046233;36.009152;0.112367;0.911930;-0.000980;0.017972;-0.054503;0.957209;NA;NA;NA;NA;1296.659042;0.000000;568.986197;1.000000;0.000000;1.000000
"New Jersey";1;21;4;17;563.250672;33.132392;Uncorrelated;1;2009;2007;2012;-297.037498;23.853432;-12.452611;0.000000;0.148888;0.011834;12.581171;0.000000;0.149867;0.021518;6.964730;0.000003;0.000323;0.000000;0.000140;1.000000;0.000000;1.000000
"New Mexico";1;21;4;17;41.295200;2.429129;Uncorrelated;0;NA;NA;NA;-115.638084;20.106337;-5.751325;0.000030;0.059171;0.010036;5.896054;0.000023;NA;NA;NA;NA;404.264776;0.000000;152.319743;1.000000;0.000000;1.000000
"New Mexico";1;21;4;17;41.295200;2.429129;Uncorrelated;1;2008;2004;2010;-19.709578;12.341789;-1.596979;0.129830;0.011398;0.006128;1.860126;0.081351;-0.047773;0.011758;-4.062869;0.000904;0.000101;0.000000;0.000038;1.000000;0.000000;1.000000
"New York";0;21;2;19;740.872882;38.993310;Uncorrelated;0;NA;NA;NA;-159.825561;11.018085;-14.505747;0.000000;0.080636;0.005477;14.723732;0.000000;NA;NA;NA;NA;121.398206;-0.060342;0.000030;1.000000;-0.999996;1.000000
"North Carolina";3;21;8;13;24.710482;1.900806;Uncorrelated;0;NA;NA;NA;-280.911683;28.285868;-9.931167;0.000002;0.141329;0.014129;10.002698;0.000002;NA;NA;NA;NA;800.090321;0.000000;9559.034678;1.000000;0.000000;1.000000
"North Carolina";3;21;8;13;24.710482;1.900806;Uncorrelated;1;2005;2003;2007;-28.948647;12.860810;-2.250919;0.048105;0.015662;0.006400;2.447341;0.034414;-0.125667;0.015511;-8.101887;0.000011;0.000200;0.000000;0.002353;1.000000;0.000000;1.000000
"North Carolina";3;21;8;13;24.710482;1.900806;Uncorrelated;2;2014;2013;2014;-382.689318;97.770316;-3.914167;0.002894;0.191303;0.048508;3.943748;0.002758;0.175641;0.048928;3.589766;0.004931;165.400438;0.000000;7421.045068;1.000000;0.000000;1.000000
"North Carolina";3;21;8;13;24.710482;1.900806;Uncorrelated;3;2017;2016;2017;80.204558;86.145488;0.931036;0.373766;-0.038193;0.042678;-0.894920;0.391861;-0.229496;0.064610;-3.552035;0.005250;0.000041;0.000000;0.001821;1.000000;0.000000;1.000000
"Ohio";2;21;6;15;431.849744;28.789983;Uncorrelated;0;NA;NA;NA;-195.793247;18.519490;-10.572281;0.000000;0.098800;0.009224;10.710954;0.000000;NA;NA;NA;NA;342.971517;0.000000;0.014820;1.000000;0.000000;1.000000
"Ohio";2;21;6;15;431.849744;28.789983;Uncorrelated;1;2014;2008;2014;-419.578253;245.366708;-1.710005;0.111009;0.209915;0.121736;1.724347;0.108325;0.111115;0.122085;0.910143;0.379313;0.000085;0.000000;55450.016961;1.000000;0.000000;1.000000
"Ohio";2;21;6;15;431.849744;28.789983;Uncorrelated;2;2017;2015;2017;238.420262;235.478273;1.012494;0.329777;-0.116311;0.116659;-0.997020;0.336952;-0.326226;0.168609;-1.934811;0.075074;60204.821617;0.000000;0.013609;1.000000;0.000000;1.000000
"Oklahoma";1;21;4;17;92.117598;5.418682;Uncorrelated;0;NA;NA;NA;-299.500691;41.448081;-7.225924;0.000002;0.150704;0.020690;7.283991;0.000002;NA;NA;NA;NA;1717.943451;0.000000;245.835603;1.000000;0.000000;1.000000
"Oklahoma";1;21;4;17;92.117598;5.418682;Uncorrelated;1;2007;2005;2010;2.276327;15.679145;0.145182;0.886380;0.000342;0.007787;0.043906;0.965523;-0.150362;0.022107;-6.801696;0.000004;0.000428;0.000000;0.000061;1.000000;0.000000;1.000000
"Oregon";1;21;4;17;29.920376;1.760022;Uncorrelated;0;NA;NA;NA;-212.763171;30.876899;-6.890691;0.000004;0.107325;0.015420;6.960325;0.000003;NA;NA;NA;NA;953.382920;0.000000;81.051453;1.000000;0.000000;1.000000
"Oregon";1;21;4;17;29.920376;1.760022;Uncorrelated;1;2006;2005;2008;1.181591;9.002858;0.131246;0.897217;0.000673;0.004472;0.150442;0.882296;-0.106652;0.016055;-6.642956;0.000006;0.000238;0.000000;0.000020;1.000000;0.000000;1.000000
"Pennsylvania";2;21;6;15;168.787506;11.252500;Uncorrelated;0;NA;NA;NA;-123.386158;8.622408;-14.309942;0.000000;0.062788;0.004296;14.615813;0.000000;NA;NA;NA;NA;74.345915;0.000000;0.004309;1.000000;0.000000;1.000000
"Pennsylvania";2;21;6;15;168.787506;11.252500;Uncorrelated;1;2014;2012;2014;-485.681705;132.315894;-3.670623;0.002824;0.242676;0.065646;3.696722;0.002687;0.179889;0.065787;2.734419;0.017037;0.000018;0.000000;15392.827424;1.000000;0.000000;1.000000
"Pennsylvania";2;21;6;15;168.787506;11.252500;Uncorrelated;2;2017;2016;2017;268.392241;124.067834;2.163270;0.049735;-0.131183;0.061465;-2.134253;0.052441;-0.373859;0.089930;-4.157214;0.001126;17507.495802;0.000000;0.003778;1.000000;0.000000;1.000000
"Rhode Island";0;21;2;19;63.662003;3.350632;Uncorrelated;0;NA;NA;NA;-140.712906;10.483807;-13.421928;0.000000;0.071438;0.005212;13.706019;0.000000;NA;NA;NA;NA;109.910216;-0.054643;0.000027;1.000000;-0.999996;1.000000
"South Carolina";2;21;6;15;60.663156;4.044210;Uncorrelated;0;NA;NA;NA;-271.289923;37.226015;-7.287643;0.000006;0.136452;0.018582;7.343177;0.000006;NA;NA;NA;NA;1385.776211;0.000000;0.000764;1.000000;0.000000;1.000000
"South Carolina";2;21;6;15;60.663156;4.044210;Uncorrelated;1;2007;2004;2011;-1.996537;55.553896;-0.035939;0.971877;0.002275;0.027639;0.082328;0.935640;-0.134177;0.033305;-4.028791;0.001432;0.000345;0.000000;1187.031652;1.000000;0.000000;1.000000
"South Carolina";2;21;6;15;60.663156;4.044210;Uncorrelated;2;2013;2010;2016;-196.637939;34.453326;-5.707372;0.000072;0.098968;0.017083;5.793273;0.000062;0.096692;0.032492;2.975877;0.010725;3086.235315;0.000000;0.000292;1.000000;0.000000;1.000000
"Tennessee";2;21;6;15;28.179839;1.878656;Uncorrelated;0;NA;NA;NA;-309.244307;30.490850;-10.142200;0.000000;0.155576;0.015230;10.214865;0.000000;NA;NA;NA;NA;929.691907;0.000000;0.000071;1.000000;0.000000;1.000000
"Tennessee";2;21;6;15;28.179839;1.878656;Uncorrelated;1;2005;2003;2007;-49.383502;16.964211;-2.911040;0.012148;0.025970;0.008444;3.075654;0.008852;-0.129606;0.017414;-7.442500;0.000005;0.000232;0.000000;302.583554;1.000000;0.000000;1.000000
"Tennessee";2;21;6;15;28.179839;1.878656;Uncorrelated;2;2013;2008;2015;-180.826823;17.394929;-10.395376;0.000000;0.091267;0.008625;10.581470;0.000000;0.065297;0.012070;5.409795;0.000119;287.784458;0.000000;0.000074;1.000000;0.000000;1.000000
"Texas";1;21;4;17;97.845383;5.755611;Uncorrelated;0;NA;NA;NA;-264.891501;60.384409;-4.386753;0.000460;0.133313;0.030182;4.417000;0.000432;NA;NA;NA;NA;3646.276804;0.000000;29.011354;1.000000;0.000000;1.000000
"Texas";1;21;4;17;97.845383;5.755611;Uncorrelated;1;2003;2002;2007;-26.182459;5.386219;-4.861009;0.000173;0.014137;0.002677;5.281378;0.000075;-0.119176;0.030300;-3.933153;0.001188;0.000911;0.000000;0.000007;1.000000;0.000000;1.000000
"Utah";2;21;6;15;39.938075;2.662538;Uncorrelated;0;NA;NA;NA;-215.146834;51.075144;-4.212359;0.001016;0.108766;0.025514;4.263088;0.000924;NA;NA;NA;NA;2608.670358;0.000000;0.000051;1.000000;0.000000;1.000000
"Utah";2;21;6;15;39.938075;2.662538;Uncorrelated;1;2005;2001;2008;-31.761172;14.341290;-2.214666;0.045261;0.017302;0.007130;2.426673;0.030521;-0.091464;0.026491;-3.452645;0.004286;0.000651;0.000000;41044.637150;1.000000;0.000000;1.000000
"Utah";2;21;6;15;39.938075;2.662538;Uncorrelated;2;2017;2004;2017;194.400206;202.594761;0.959552;0.354788;-0.094825;0.100370;-0.944759;0.362011;-0.112128;0.100623;-1.114334;0.285314;205.672597;0.000000;0.010074;1.000000;0.000000;1.000000
"Vermont";1;21;4;17;28.887918;1.699289;Uncorrelated;0;NA;NA;NA;-99.767174;27.602282;-3.614454;0.002327;0.050848;0.013762;3.694898;0.001963;NA;NA;NA;NA;761.885958;0.000000;2390.690132;1.000000;0.000000;1.000000
"Vermont";1;21;4;17;28.887918;1.699289;Uncorrelated;1;2012;2007;2016;-220.055518;48.894684;-4.500602;0.000363;0.110633;0.024249;4.562406;0.000320;0.059785;0.027882;2.144256;0.047717;0.000189;0.000000;0.000588;1.000000;0.000000;1.000000
"Virginia";2;21;6;15;93.440135;6.229342;Uncorrelated;0;NA;NA;NA;-129.179790;34.164857;-3.781072;0.002288;0.065458;0.017058;3.837395;0.002056;NA;NA;NA;NA;1167.237484;0.000000;0.017072;1.000000;0.000000;1.000000
"Virginia";2;21;6;15;93.440135;6.229342;Uncorrelated;1;2007;2001;2014;88.238588;262.426585;0.336241;0.742055;-0.042872;0.130659;-0.328121;0.748045;-0.108330;0.131768;-0.822129;0.425826;0.000291;0.000000;383.042027;1.000000;0.000000;1.000000
"Virginia";2;21;6;15;93.440135;6.229342;Uncorrelated;2;2010;2008;2017;-203.883188;19.571460;-10.417373;0.000000;0.102462;0.009710;10.552559;0.000000;0.145334;0.131019;1.109260;0.287417;68867.712502;0.000000;0.000094;1.000000;0.000000;1.000000
"Washington";2;21;6;15;34.426592;2.295106;Uncorrelated;0;NA;NA;NA;101.771577;179.803745;0.566015;0.581023;-0.049790;0.089924;-0.553683;0.589193;NA;NA;NA;NA;32329.386619;0.000000;0.006738;1.000000;0.000000;1.000000
"Washington";2;21;6;15;34.426592;2.295106;Uncorrelated;1;2001;2001;2009;-289.172345;164.374070;-1.759233;0.102036;0.145585;0.082084;1.773615;0.099539;0.195374;0.121754;1.604660;0.132576;0.008086;0.000000;32.192626;1.000000;0.000000;1.000000
"Washington";2;21;6;15;34.426592;2.295106;Uncorrelated;2;2004;2004;2017;-15.065351;5.673855;-2.655223;0.019814;0.008805;0.002819;3.122832;0.008084;-0.136780;0.082132;-1.665366;0.119741;27018.834992;0.000000;0.000008;1.000000;0.000000;1.000000
"West Virginia";0;21;2;19;343.953699;18.102826;Uncorrelated;0;NA;NA;NA;-185.913718;16.303984;-11.402962;0.000000;0.094124;0.008103;11.616270;0.000000;NA;NA;NA;NA;265.819897;-0.132107;0.000066;1.000000;-0.999996;1.000000
"Wisconsin";3;21;8;13;23.395360;1.799643;Uncorrelated;0;NA;NA;NA;-287.274358;26.586245;-10.805375;0.000001;0.144391;0.013276;10.876120;0.000001;NA;NA;NA;NA;706.828431;0.000000;461.299254;1.000000;0.000000;1.000000
"Wisconsin";3;21;8;13;23.395360;1.799643;Uncorrelated;1;2006;2001;2008;-0.938782;72.708295;-0.012912;0.989952;0.001652;0.036209;0.045618;0.964513;-0.142740;0.038566;-3.701141;0.004101;0.000176;0.000000;0.000114;1.000000;0.000000;1.000000
"Wisconsin";3;21;8;13;23.395360;1.799643;Uncorrelated;2;2010;2005;2014;-177.653827;21.477878;-8.271479;0.000009;0.089570;0.010666;8.397924;0.000008;0.087918;0.037747;2.329109;0.042114;5286.496115;0.000000;12123.324937;1.000000;0.000000;1.000000
"Wisconsin";3;21;8;13;23.395360;1.799643;Uncorrelated;3;2017;2008;2017;-12.877145;110.105971;-0.116952;0.909213;0.007876;0.054548;0.144383;0.888066;-0.081694;0.055581;-1.469826;0.172356;0.001311;0.000000;0.002975;1.000000;0.000000;1.000000
"Wyoming";1;21;4;17;26.876835;1.580990;Uncorrelated;0;NA;NA;NA;-206.523137;25.764999;-8.015647;0.000001;0.104067;0.012835;8.107948;0.000000;NA;NA;NA;NA;663.835175;0.000000;4352.239249;1.000000;0.000000;1.000000
"Wyoming";1;21;4;17;26.876835;1.580990;Uncorrelated;1;2013;2010;2015;153.425447;65.971503;2.325632;0.033511;-0.074745;0.032720;-2.284364;0.036345;-0.178812;0.035148;-5.087470;0.000110;0.000165;0.000000;0.001071;1.000000;0.000000;1.000000
"US";3;21;8;13;602.719260;46.363020;Uncorrelated;0;NA;NA;NA;-187.094239;14.980486;-12.489197;0.000000;0.094481;0.007481;12.628981;0.000000;NA;NA;NA;NA;224.414968;0.000000;1330.810099;1.000000;0.000000;1.000000
"US";3;21;8;13;602.719260;46.363020;Uncorrelated;1;2006;2003;2008;-44.252369;14.492695;-3.053426;0.012180;0.023273;0.007212;3.227109;0.009065;-0.071207;0.010391;-6.852596;0.000044;0.000056;0.000000;0.000328;1.000000;0.000000;1.000000
"US";3;21;8;13;602.719260;46.363020;Uncorrelated;2;2013;2011;2014;-233.893510;36.480270;-6.411507;0.000077;0.117481;0.018103;6.489450;0.000070;0.094208;0.019487;4.834403;0.000687;210.038199;0.000000;4250.522206;1.000000;0.000000;1.000000
"US";3;21;8;13;602.719260;46.363020;Uncorrelated;3;2017;2015;2017;10.250431;65.196029;0.157225;0.878197;-0.003562;0.032299;-0.110271;0.914376;-0.121043;0.037027;-3.269091;0.008443;0.000052;0.000000;0.001043;1.000000;0.000000;1.000000
