"state";"year";"adj_rate";"Model";"Standard Error";"Flag";"APC";"Joinpoints";"Final Selected Model"
"Alabama";1999;3.85211;4.21856;0.29657;NA;3.12732;3;3
"Alabama";2000;4.48569;4.35049;0.31985;NA;3.12732;3;3
"Alabama";2001;4.89149;4.48654;0.33329;NA;3.12732;3;3
"Alabama";2002;4.76194;4.62685;0.32868;NA;3.12732;3;3
"Alabama";2003;4.43332;4.77155;0.31701;Joinpoint 1;NA;3;3
"Alabama";2004;6.35419;5.85259;0.37944;NA;22.65613*;3;3
"Alabama";2005;6.33301;7.17856;0.37832;NA;22.65613*;3;3
"Alabama";2006;8.74979;8.80495;0.44162;NA;22.65613*;3;3
"Alabama";2007;11.08849;10.79981;0.49516;NA;22.65613*;3;3
"Alabama";2008;12.98109;13.24663;0.53292;Joinpoint 2;NA;3;3
"Alabama";2009;13.60768;12.86570;0.54855;NA;-2.87564;3;3
"Alabama";2010;11.76882;12.49573;0.50959;NA;-2.87564;3;3
"Alabama";2011;11.76317;12.13640;0.50803;Joinpoint 3;NA;3;3
"Alabama";2012;12.07062;12.75990;0.51722;NA;5.13741*;3;3
"Alabama";2013;12.71760;13.41543;0.52933;NA;5.13741*;3;3
"Alabama";2014;15.15321;14.10463;0.57484;NA;5.13741*;3;3
"Alabama";2015;15.66395;14.82925;0.58859;NA;5.13741*;3;3
"Alabama";2016;16.20754;15.59109;0.60241;NA;5.13741*;3;3
"Alabama";2017;17.98034;16.39206;0.63576;NA;5.13741*;3;3
"Alabama";2018;16.60924;17.23419;0.61154;NA;5.13741*;3;3
"Alabama";2019;16.33475;18.11959;0.60430;NA;5.13741*;3;3
"Alaska";1999;7.46383;9.90598;1.21170;NA;3.32132*;0;0
"Alaska";2000;7.10771;10.23499;1.02971;NA;3.32132*;0;0
"Alaska";2001;9.39828;10.57492;1.20475;NA;3.32132*;0;0
"Alaska";2002;12.19951;10.92615;1.33512;NA;3.32132*;0;0
"Alaska";2003;12.72451;11.28904;1.45104;NA;3.32132*;0;0
"Alaska";2004;12.71642;11.66399;1.39682;NA;3.32132*;0;0
"Alaska";2005;11.37438;12.05139;1.29691;NA;3.32132*;0;0
"Alaska";2006;11.06038;12.45166;1.29844;NA;3.32132*;0;0
"Alaska";2007;10.09410;12.86522;1.20552;NA;3.32132*;0;0
"Alaska";2008;18.13449;13.29251;1.64954;NA;3.32132*;0;0
"Alaska";2009;17.85279;13.73400;1.59631;NA;3.32132*;0;0
"Alaska";2010;11.59624;14.19015;1.30471;NA;3.32132*;0;0
"Alaska";2011;14.23635;14.66145;1.40475;NA;3.32132*;0;0
"Alaska";2012;17.42505;15.14840;1.58234;NA;3.32132*;0;0
"Alaska";2013;14.35190;15.65153;1.44448;NA;3.32132*;0;0
"Alaska";2014;16.75850;16.17137;1.54982;NA;3.32132*;0;0
"Alaska";2015;15.96060;16.70847;1.48152;NA;3.32132*;0;0
"Alaska";2016;16.83312;17.26342;1.52167;NA;3.32132*;0;0
"Alaska";2017;20.16017;17.83679;1.70373;NA;3.32132*;0;0
"Alaska";2018;14.61130;18.42921;1.42677;NA;3.32132*;0;0
"Alaska";2019;17.78743;19.04130;1.58398;NA;3.32132*;0;0
"Arizona";1999;10.55491;10.92217;0.46904;NA;3.73638*;1;1
"Arizona";2000;10.58964;11.33027;0.46502;NA;3.73638*;1;1
"Arizona";2001;10.90084;11.75361;0.46567;NA;3.73638*;1;1
"Arizona";2002;12.00504;12.19277;0.48403;NA;3.73638*;1;1
"Arizona";2003;12.74049;12.64834;0.49339;NA;3.73638*;1;1
"Arizona";2004;13.68156;13.12093;0.50488;NA;3.73638*;1;1
"Arizona";2005;14.13497;13.61118;0.50420;NA;3.73638*;1;1
"Arizona";2006;14.91632;14.11974;0.50920;NA;3.73638*;1;1
"Arizona";2007;15.71169;14.64731;0.51523;NA;3.73638*;1;1
"Arizona";2008;13.54548;15.19459;0.47460;NA;3.73638*;1;1
"Arizona";2009;16.13384;15.76232;0.51482;NA;3.73638*;1;1
"Arizona";2010;17.49770;16.35126;0.53406;NA;3.73638*;1;1
"Arizona";2011;16.85319;16.96220;0.52213;NA;3.73638*;1;1
"Arizona";2012;17.67968;17.59598;0.53302;NA;3.73638*;1;1
"Arizona";2013;18.73763;18.25343;0.54515;NA;3.73638*;1;1
"Arizona";2014;18.16848;18.93545;0.53234;NA;3.73638*;1;1
"Arizona";2015;19.01605;19.64295;0.54358;NA;3.73638*;1;1
"Arizona";2016;20.26972;20.37688;0.55679;Joinpoint 1;NA;1;1
"Arizona";2017;22.23185;22.24445;0.58082;NA;9.16510*;1;1
"Arizona";2018;23.81191;24.28317;0.59546;NA;9.16510*;1;1
"Arizona";2019;26.81810;26.50875;0.62783;NA;9.16510*;1;1
"Arkansas";1999;4.41613;4.32582;0.41624;NA;14.59869*;1;1
"Arkansas";2000;5.38866;4.95733;0.45632;NA;14.59869*;1;1
"Arkansas";2001;4.84602;5.68104;0.43266;NA;14.59869*;1;1
"Arkansas";2002;6.82742;6.51040;0.51618;NA;14.59869*;1;1
"Arkansas";2003;7.03137;7.46083;0.52036;NA;14.59869*;1;1
"Arkansas";2004;8.65340;8.55002;0.57370;NA;14.59869*;1;1
"Arkansas";2005;10.07354;9.79821;0.61800;NA;14.59869*;1;1
"Arkansas";2006;10.45392;11.22862;0.62379;Joinpoint 1;NA;1;1
"Arkansas";2007;10.88863;11.47747;0.63324;NA;2.21621*;1;1
"Arkansas";2008;13.05121;11.73183;0.69500;NA;2.21621*;1;1
"Arkansas";2009;12.59746;11.99183;0.68036;NA;2.21621*;1;1
"Arkansas";2010;12.51457;12.25760;0.67812;NA;2.21621*;1;1
"Arkansas";2011;12.64011;12.52925;0.68060;NA;2.21621*;1;1
"Arkansas";2012;13.09618;12.80692;0.68931;NA;2.21621*;1;1
"Arkansas";2013;11.07125;13.09075;0.63098;NA;2.21621*;1;1
"Arkansas";2014;12.55004;13.38087;0.67718;NA;2.21621*;1;1
"Arkansas";2015;13.84544;13.67742;0.71326;NA;2.21621*;1;1
"Arkansas";2016;13.99171;13.98054;0.71383;NA;2.21621*;1;1
"Arkansas";2017;15.48802;14.29038;0.74939;NA;2.21621*;1;1
"Arkansas";2018;15.73681;14.60708;0.76133;NA;2.21621*;1;1
"Arkansas";2019;13.54909;14.93080;0.70262;NA;2.21621*;1;1
"California";1999;8.05990;7.30253;0.15698;NA;3.11388*;0;0
"California";2000;5.83551;7.52992;0.13303;NA;3.11388*;0;0
"California";2001;3.61858;7.76440;0.10380;NA;3.11388*;0;0
"California";2002;8.67034;8.00617;0.15929;NA;3.11388*;0;0
"California";2003;8.92825;8.25547;0.16050;NA;3.11388*;0;0
"California";2004;8.81908;8.51254;0.15810;NA;3.11388*;0;0
"California";2005;8.97354;8.77761;0.15870;NA;3.11388*;0;0
"California";2006;9.60314;9.05093;0.16297;NA;3.11388*;0;0
"California";2007;10.48068;9.33277;0.16952;NA;3.11388*;0;0
"California";2008;10.37055;9.62338;0.16779;NA;3.11388*;0;0
"California";2009;10.73687;9.92304;0.16975;NA;3.11388*;0;0
"California";2010;10.55983;10.23203;0.16715;NA;3.11388*;0;0
"California";2011;10.73440;10.55064;0.16762;NA;3.11388*;0;0
"California";2012;10.29233;10.87918;0.16365;NA;3.11388*;0;0
"California";2013;11.13794;11.21794;0.16888;NA;3.11388*;0;0
"California";2014;11.10204;11.56726;0.16735;NA;3.11388*;0;0
"California";2015;11.32192;11.92745;0.16837;NA;3.11388*;0;0
"California";2016;11.22179;12.29885;0.16727;NA;3.11388*;0;0
"California";2017;11.65110;12.68182;0.16981;NA;3.11388*;0;0
"California";2018;12.83031;13.07672;0.17864;NA;3.11388*;0;0
"California";2019;14.97843;13.48391;0.19366;NA;3.11388*;0;0
"Colorado";1999;7.98951;7.74103;0.42999;NA;7.80192*;1;1
"Colorado";2000;7.88388;8.34498;0.42216;NA;7.80192*;1;1
"Colorado";2001;8.98960;8.99605;0.44551;NA;7.80192*;1;1
"Colorado";2002;9.71688;9.69792;0.46110;NA;7.80192*;1;1
"Colorado";2003;10.74973;10.45454;0.48170;NA;7.80192*;1;1
"Colorado";2004;10.93927;11.27019;0.48273;NA;7.80192*;1;1
"Colorado";2005;12.69129;12.14949;0.51765;NA;7.80192*;1;1
"Colorado";2006;12.82395;13.09738;0.51493;NA;7.80192*;1;1
"Colorado";2007;14.72995;14.11923;0.54751;Joinpoint 1;NA;1;1
"Colorado";2008;14.77250;14.37370;0.54432;NA;1.80228*;1;1
"Colorado";2009;14.96986;14.63275;0.54514;NA;1.80228*;1;1
"Colorado";2010;12.66747;14.89647;0.50053;NA;1.80228*;1;1
"Colorado";2011;16.12311;15.16495;0.56192;NA;1.80228*;1;1
"Colorado";2012;15.00816;15.43826;0.53507;NA;1.80228*;1;1
"Colorado";2013;15.54287;15.71650;0.54172;NA;1.80228*;1;1
"Colorado";2014;16.29527;15.99976;0.55157;NA;1.80228*;1;1
"Colorado";2015;15.36804;16.28812;0.52958;NA;1.80228*;1;1
"Colorado";2016;16.58077;16.58167;0.54941;NA;1.80228*;1;1
"Colorado";2017;17.56520;16.88052;0.56079;NA;1.80228*;1;1
"Colorado";2018;16.79256;17.18476;0.54187;NA;1.80228*;1;1
"Colorado";2019;17.99875;17.49447;0.55756;NA;1.80228*;1;1
"Connecticut";1999;8.98448;8.81111;0.51140;NA;2.35081*;2;2
"Connecticut";2000;9.22320;9.01824;0.51645;NA;2.35081*;2;2
"Connecticut";2001;8.78694;9.23024;0.50263;NA;2.35081*;2;2
"Connecticut";2002;10.27133;9.44723;0.54742;NA;2.35081*;2;2
"Connecticut";2003;8.75895;9.66932;0.50169;NA;2.35081*;2;2
"Connecticut";2004;9.61327;9.89662;0.52917;NA;2.35081*;2;2
"Connecticut";2005;8.45634;10.12927;0.49552;NA;2.35081*;2;2
"Connecticut";2006;11.51070;10.36739;0.57560;NA;2.35081*;2;2
"Connecticut";2007;12.23485;10.61111;0.59408;NA;2.35081*;2;2
"Connecticut";2008;10.74341;10.86056;0.55393;NA;2.35081*;2;2
"Connecticut";2009;10.98345;11.11587;0.56237;NA;2.35081*;2;2
"Connecticut";2010;10.06011;11.37718;0.53701;NA;2.35081*;2;2
"Connecticut";2011;11.23751;11.64464;0.57097;NA;2.35081*;2;2
"Connecticut";2012;12.05081;11.91838;0.58792;Joinpoint 1;NA;2;2
"Connecticut";2013;15.99448;14.70966;0.67869;NA;23.41999*;2;2
"Connecticut";2014;17.64104;18.15467;0.72367;NA;23.41999*;2;2
"Connecticut";2015;22.06563;22.40649;0.80316;NA;23.41999*;2;2
"Connecticut";2016;27.39137;27.65409;0.90572;Joinpoint 2;NA;2;2
"Connecticut";2017;30.94706;29.70336;0.97274;NA;7.41037;2;2
"Connecticut";2018;30.65836;31.90449;0.96627;NA;7.41037;2;2
"Connecticut";2019;34.65981;34.26873;1.02799;NA;7.41037;2;2
"Delaware";1999;6.43641;6.57801;0.91073;NA;7.88556*;1;1
"Delaware";2000;7.00044;7.09672;0.94413;NA;7.88556*;1;1
"Delaware";2001;8.03444;7.65634;1.00455;NA;7.88556*;1;1
"Delaware";2002;10.45356;8.26009;1.14154;NA;7.88556*;1;1
"Delaware";2003;9.41529;8.91144;1.07490;NA;7.88556*;1;1
"Delaware";2004;7.64592;9.61416;0.96502;NA;7.88556*;1;1
"Delaware";2005;7.54510;10.37229;0.96070;NA;7.88556*;1;1
"Delaware";2006;9.35919;11.19020;1.06404;NA;7.88556*;1;1
"Delaware";2007;11.40940;12.07261;1.16756;NA;7.88556*;1;1
"Delaware";2008;14.28578;13.02460;1.29314;NA;7.88556*;1;1
"Delaware";2009;15.36752;14.05167;1.33353;NA;7.88556*;1;1
"Delaware";2010;16.64326;15.15972;1.40084;NA;7.88556*;1;1
"Delaware";2011;17.63360;16.35515;1.41389;NA;7.88556*;1;1
"Delaware";2012;15.20766;17.64484;1.30749;NA;7.88556*;1;1
"Delaware";2013;18.72930;19.03624;1.48416;NA;7.88556*;1;1
"Delaware";2014;20.94280;20.53735;1.55963;Joinpoint 1;NA;1;1
"Delaware";2015;21.97470;24.59077;1.59504;NA;19.73679*;1;1
"Delaware";2016;30.78193;29.44419;1.87901;NA;19.73679*;1;1
"Delaware";2017;37.01586;35.25554;2.07181;NA;19.73679*;1;1
"Delaware";2018;43.83897;42.21385;2.26218;NA;19.73679*;1;1
"Delaware";2019;48.01739;50.54551;2.36338;NA;19.73679*;1;1
"District of Columbia";1999;8.34247;14.59515;1.22268;NA;-1.75572;1;1
"District of Columbia";2000;13.43571;14.33890;1.54576;NA;-1.75572;1;1
"District of Columbia";2001;16.20700;14.08715;1.69381;NA;-1.75572;1;1
"District of Columbia";2002;10.88749;13.83982;1.39644;NA;-1.75572;1;1
"District of Columbia";2003;18.11434;13.59683;1.80703;NA;-1.75572;1;1
"District of Columbia";2004;15.49308;13.35810;1.66762;NA;-1.75572;1;1
"District of Columbia";2005;13.65156;13.12357;1.56363;NA;-1.75572;1;1
"District of Columbia";2006;17.84307;12.89316;1.78670;NA;-1.75572;1;1
"District of Columbia";2007;10.76780;12.66679;1.39070;NA;-1.75572;1;1
"District of Columbia";2008;9.63956;12.44440;1.30003;NA;-1.75572;1;1
"District of Columbia";2009;4.07987;12.22591;0.81221;NA;-1.75572;1;1
"District of Columbia";2010;12.94644;12.01126;1.48978;NA;-1.75572;1;1
"District of Columbia";2011;13.48689;11.80037;1.48045;Joinpoint 1;NA;1;1
"District of Columbia";2012;12.58149;14.10772;1.45716;NA;19.55317*;1;1
"District of Columbia";2013;14.95630;16.86622;1.51724;NA;19.55317*;1;1
"District of Columbia";2014;14.22808;20.16411;1.48139;NA;19.55317*;1;1
"District of Columbia";2015;18.55113;24.10683;1.68643;NA;19.55317*;1;1
"District of Columbia";2016;38.80002;28.82048;2.40658;NA;19.55317*;1;1
"District of Columbia";2017;44.01844;34.45580;2.55274;NA;19.55317*;1;1
"District of Columbia";2018;35.40312;41.19300;2.26708;NA;19.55317*;1;1
"District of Columbia";2019;43.24534;49.24754;2.50591;NA;19.55317*;1;1
"Florida";1999;6.42864;8.41468;0.20486;NA;7.96711*;3;3
"Florida";2000;7.41225;9.08509;0.21862;NA;7.96711*;3;3
"Florida";2001;10.94237;9.80891;0.26292;NA;7.96711*;3;3
"Florida";2002;11.83694;10.59039;0.27083;NA;7.96711*;3;3
"Florida";2003;12.35802;11.43414;0.27406;NA;7.96711*;3;3
"Florida";2004;13.24454;12.34511;0.28005;NA;7.96711*;3;3
"Florida";2005;13.54673;13.32866;0.28014;NA;7.96711*;3;3
"Florida";2006;14.40392;14.39057;0.28542;NA;7.96711*;3;3
"Florida";2007;15.41626;15.53708;0.29457;NA;7.96711*;3;3
"Florida";2008;16.22015;16.77493;0.30152;NA;7.96711*;3;3
"Florida";2009;16.67802;18.11141;0.30448;Joinpoint 1;NA;3;3
"Florida";2010;16.37403;16.23572;0.30113;NA;-10.35639;3;3
"Florida";2011;15.39180;14.55429;0.29068;NA;-10.35639;3;3
"Florida";2012;13.26592;13.04699;0.26653;NA;-10.35639;3;3
"Florida";2013;12.56290;11.69579;0.25912;Joinpoint 2;NA;3;3
"Florida";2014;13.19584;14.59058;0.26411;NA;24.75063;3;3
"Florida";2015;16.23620;18.20183;0.29356;NA;24.75063;3;3
"Florida";2016;23.74507;22.70690;0.35474;Joinpoint 3;NA;3;3
"Florida";2017;25.06649;23.47885;0.36109;NA;3.39961;3;3
"Florida";2018;22.78366;24.27704;0.34213;NA;3.39961;3;3
"Florida";2019;25.52337;25.10236;0.36219;NA;3.39961;3;3
"Georgia";1999;3.52008;3.44028;0.21084;NA;31.37824*;3;3
"Georgia";2000;4.36221;4.51978;0.22983;NA;31.37824*;3;3
"Georgia";2001;6.01399;5.93800;0.26710;Joinpoint 1;NA;3;3
"Georgia";2002;6.51536;6.43879;0.27542;NA;8.43367*;3;3
"Georgia";2003;6.94383;6.98182;0.28275;NA;8.43367*;3;3
"Georgia";2004;7.48275;7.57064;0.29109;NA;8.43367*;3;3
"Georgia";2005;8.19308;8.20913;0.30280;NA;8.43367*;3;3
"Georgia";2006;8.94267;8.90146;0.31142;Joinpoint 2;NA;3;3
"Georgia";2007;9.68625;9.26080;0.32014;NA;4.03688*;3;3
"Georgia";2008;9.70819;9.63465;0.31926;NA;4.03688*;3;3
"Georgia";2009;10.31995;10.02359;0.32751;NA;4.03688*;3;3
"Georgia";2010;10.70988;10.42823;0.33208;NA;4.03688*;3;3
"Georgia";2011;10.66082;10.84920;0.33041;NA;4.03688*;3;3
"Georgia";2012;10.59327;11.28717;0.32901;NA;4.03688*;3;3
"Georgia";2013;10.82040;11.74282;0.33005;NA;4.03688*;3;3
"Georgia";2014;11.89783;12.21687;0.34628;NA;4.03688*;3;3
"Georgia";2015;12.67974;12.71005;0.35550;NA;4.03688*;3;3
"Georgia";2016;13.33486;13.22314;0.36209;NA;4.03688*;3;3
"Georgia";2017;14.69790;13.75694;0.38007;Joinpoint 3;NA;3;3
"Georgia";2018;13.24086;13.37762;0.35931;NA;-2.75730;3;3
"Georgia";2019;13.07574;13.00876;0.35478;NA;-2.75730;3;3
"Hawaii";1999;6.52928;6.04161;0.73032;NA;4.70624*;0;0
"Hawaii";2000;5.14809;6.32595;0.64904;NA;4.70624*;0;0
"Hawaii";2001;6.18498;6.62366;0.70580;NA;4.70624*;0;0
"Hawaii";2002;6.12514;6.93539;0.70006;NA;4.70624*;0;0
"Hawaii";2003;7.11040;7.26178;0.74448;NA;4.70624*;0;0
"Hawaii";2004;7.95464;7.60354;0.78943;NA;4.70624*;0;0
"Hawaii";2005;9.44427;7.96138;0.84856;NA;4.70624*;0;0
"Hawaii";2006;6.43673;8.33606;0.69923;NA;4.70624*;0;0
"Hawaii";2007;10.03543;8.72837;0.87103;NA;4.70624*;0;0
"Hawaii";2008;8.96091;9.13915;0.81630;NA;4.70624*;0;0
"Hawaii";2009;9.60335;9.56926;0.83656;NA;4.70624*;0;0
"Hawaii";2010;10.88105;10.01962;0.90309;NA;4.70624*;0;0
"Hawaii";2011;12.39875;10.49116;0.94764;NA;4.70624*;0;0
"Hawaii";2012;10.97289;10.98490;0.90118;NA;4.70624*;0;0
"Hawaii";2013;11.00868;11.50188;0.89989;NA;4.70624*;0;0
"Hawaii";2014;10.85275;12.04318;0.88765;NA;4.70624*;0;0
"Hawaii";2015;11.32814;12.60996;0.89782;NA;4.70624*;0;0
"Hawaii";2016;12.75127;13.20342;0.95192;NA;4.70624*;0;0
"Hawaii";2017;13.79607;13.82480;0.99771;NA;4.70624*;0;0
"Hawaii";2018;14.32505;14.47543;1.01252;NA;4.70624*;0;0
"Hawaii";2019;15.88200;15.15668;1.05884;NA;4.70624*;0;0
"Idaho";1999;5.28042;4.95696;0.66091;NA;20.81884*;3;3
"Idaho";2000;5.13094;5.98895;0.64249;NA;20.81884*;3;3
"Idaho";2001;7.82315;7.23577;0.79187;NA;20.81884*;3;3
"Idaho";2002;9.13321;8.74218;0.84706;Joinpoint 1;NA;3;3
"Idaho";2003;7.90784;8.40107;0.78647;NA;-3.90184;3;3
"Idaho";2004;7.40154;8.07328;0.75265;NA;-3.90184;3;3
"Idaho";2005;8.05354;7.75827;0.77728;Joinpoint 2;NA;3;3
"Idaho";2006;9.33756;8.49044;0.82597;NA;9.43725*;3;3
"Idaho";2007;8.64501;9.29170;0.77684;NA;9.43725*;3;3
"Idaho";2008;9.80082;10.16858;0.82179;NA;9.43725*;3;3
"Idaho";2009;11.59249;11.12822;0.89798;NA;9.43725*;3;3
"Idaho";2010;11.81016;12.17841;0.89862;Joinpoint 3;NA;3;3
"Idaho";2011;12.86001;12.49873;0.94118;NA;2.63016*;3;3
"Idaho";2012;11.91730;12.82746;0.90237;NA;2.63016*;3;3
"Idaho";2013;13.35322;13.16485;0.94391;NA;2.63016*;3;3
"Idaho";2014;13.70971;13.51110;0.95890;NA;2.63016*;3;3
"Idaho";2015;14.19405;13.86647;0.98034;NA;2.63016*;3;3
"Idaho";2016;15.22080;14.23118;0.99697;NA;2.63016*;3;3
"Idaho";2017;14.35712;14.60548;0.95274;NA;2.63016*;3;3
"Idaho";2018;14.60578;14.98963;0.94362;NA;2.63016*;3;3
"Idaho";2019;15.10526;15.38388;0.94966;NA;2.63016*;3;3
"Illinois";1999;6.70329;6.72304;0.23375;NA;4.46698*;2;2
"Illinois";2000;6.99643;7.02336;0.23765;NA;4.46698*;2;2
"Illinois";2001;7.14228;7.33709;0.23930;NA;4.46698*;2;2
"Illinois";2002;7.91321;7.66483;0.25231;NA;4.46698*;2;2
"Illinois";2003;6.75532;8.00722;0.23249;NA;4.46698*;2;2
"Illinois";2004;8.29318;8.36490;0.25829;NA;4.46698*;2;2
"Illinois";2005;8.42239;8.73856;0.25850;NA;4.46698*;2;2
"Illinois";2006;10.85544;9.12891;0.29453;NA;4.46698*;2;2
"Illinois";2007;9.38386;9.53670;0.27330;NA;4.46698*;2;2
"Illinois";2008;10.59695;9.96270;0.28990;NA;4.46698*;2;2
"Illinois";2009;10.78131;10.40773;0.29249;NA;4.46698*;2;2
"Illinois";2010;9.99228;10.87264;0.28111;NA;4.46698*;2;2
"Illinois";2011;10.94061;11.35832;0.29480;NA;4.46698*;2;2
"Illinois";2012;12.52770;11.86569;0.31429;NA;4.46698*;2;2
"Illinois";2013;12.10400;12.39573;0.30879;NA;4.46698*;2;2
"Illinois";2014;13.13000;12.94944;0.32276;Joinpoint 1;NA;2;2
"Illinois";2015;14.09252;15.34069;0.33454;NA;18.46599;2;2
"Illinois";2016;18.87373;18.17350;0.39111;NA;18.46599;2;2
"Illinois";2017;21.62639;21.52941;0.41795;Joinpoint 2;NA;2;2
"Illinois";2018;21.28987;21.62699;0.41645;NA;0.45324;2;2
"Illinois";2019;21.89257;21.72501;0.42351;NA;0.45324;2;2
"Indiana";1999;3.19314;3.08305;0.23111;NA;21.47103*;3;3
"Indiana";2000;3.54076;3.74501;0.24209;NA;21.47103*;3;3
"Indiana";2001;4.66420;4.54910;0.27741;NA;21.47103*;3;3
"Indiana";2002;4.80991;5.52584;0.28135;NA;21.47103*;3;3
"Indiana";2003;7.10739;6.71230;0.34191;NA;21.47103*;3;3
"Indiana";2004;8.79591;8.15349;0.37901;NA;21.47103*;3;3
"Indiana";2005;9.84127;9.90413;0.40016;NA;21.47103*;3;3
"Indiana";2006;11.76483;12.03065;0.43592;Joinpoint 1;NA;3;3
"Indiana";2007;12.36901;12.60685;0.44548;NA;4.78941*;3;3
"Indiana";2008;13.20994;13.21065;0.46238;NA;4.78941*;3;3
"Indiana";2009;14.03190;13.84336;0.47394;NA;4.78941*;3;3
"Indiana";2010;14.37807;14.50637;0.47824;NA;4.78941*;3;3
"Indiana";2011;15.32047;15.20114;0.49748;NA;4.78941*;3;3
"Indiana";2012;15.98104;15.92919;0.51009;NA;4.78941*;3;3
"Indiana";2013;16.59614;16.69210;0.51710;NA;4.78941*;3;3
"Indiana";2014;18.18050;17.49156;0.54018;Joinpoint 2;NA;3;3
"Indiana";2015;19.49452;20.52909;0.56172;NA;17.36570*;3;3
"Indiana";2016;23.96421;24.09411;0.62419;NA;17.36570*;3;3
"Indiana";2017;29.39611;28.27822;0.69553;Joinpoint 3;NA;3;3
"Indiana";2018;25.63136;27.08366;0.64749;NA;-4.22431;3;3
"Indiana";2019;26.63590;25.93956;0.65972;NA;-4.22431;3;3
"Iowa";1999;1.87743;1.99657;0.25823;NA;17.11432*;1;1
"Iowa";2000;2.54732;2.33827;0.29867;NA;17.11432*;1;1
"Iowa";2001;3.00748;2.73845;0.32414;NA;17.11432*;1;1
"Iowa";2002;3.12563;3.20711;0.32947;NA;17.11432*;1;1
"Iowa";2003;3.39160;3.75599;0.34805;NA;17.11432*;1;1
"Iowa";2004;4.23333;4.39880;0.38630;NA;17.11432*;1;1
"Iowa";2005;4.84709;5.15162;0.41212;NA;17.11432*;1;1
"Iowa";2006;6.55095;6.03329;0.48497;NA;17.11432*;1;1
"Iowa";2007;6.88119;7.06585;0.48935;Joinpoint 1;NA;1;1
"Iowa";2008;7.18153;7.35992;0.50549;NA;4.16182*;1;1
"Iowa";2009;7.12673;7.66622;0.50485;NA;4.16182*;1;1
"Iowa";2010;8.56984;7.98528;0.54883;NA;4.16182*;1;1
"Iowa";2011;8.43931;8.31761;0.54600;NA;4.16182*;1;1
"Iowa";2012;8.66048;8.66377;0.55130;NA;4.16182*;1;1
"Iowa";2013;9.29295;9.02435;0.57514;NA;4.16182*;1;1
"Iowa";2014;8.79579;9.39992;0.55625;NA;4.16182*;1;1
"Iowa";2015;10.27635;9.79113;0.59916;NA;4.16182*;1;1
"Iowa";2016;10.62394;10.19862;0.61444;NA;4.16182*;1;1
"Iowa";2017;11.49651;10.62307;0.63845;NA;4.16182*;1;1
"Iowa";2018;9.58453;11.06518;0.57878;NA;4.16182*;1;1
"Iowa";2019;11.50444;11.52570;0.63077;NA;4.16182*;1;1
"Kansas";1999;3.40746;3.49320;0.36140;NA;20.07584*;1;1
"Kansas";2000;3.95798;4.19449;0.39014;NA;20.07584*;1;1
"Kansas";2001;5.25785;5.03656;0.44812;NA;20.07584*;1;1
"Kansas";2002;6.44873;6.04770;0.49558;NA;20.07584*;1;1
"Kansas";2003;7.08649;7.26182;0.51867;NA;20.07584*;1;1
"Kansas";2004;8.47871;8.71969;0.56948;Joinpoint 1;NA;1;1
"Kansas";2005;9.07513;8.96282;0.58859;NA;2.78821*;1;1
"Kansas";2006;9.48725;9.21272;0.59777;NA;2.78821*;1;1
"Kansas";2007;9.97942;9.46959;0.61354;NA;2.78821*;1;1
"Kansas";2008;8.00098;9.73362;0.54775;NA;2.78821*;1;1
"Kansas";2009;11.06095;10.00501;0.64411;NA;2.78821*;1;1
"Kansas";2010;9.55898;10.28398;0.59163;NA;2.78821*;1;1
"Kansas";2011;10.11642;10.57071;0.61589;NA;2.78821*;1;1
"Kansas";2012;11.48069;10.86545;0.65532;NA;2.78821*;1;1
"Kansas";2013;11.95858;11.16840;0.67108;NA;2.78821*;1;1
"Kansas";2014;11.73299;11.47980;0.65783;NA;2.78821*;1;1
"Kansas";2015;11.83574;11.79988;0.66815;NA;2.78821*;1;1
"Kansas";2016;11.08897;12.12888;0.64214;NA;2.78821*;1;1
"Kansas";2017;11.75752;12.46706;0.66033;NA;2.78821*;1;1
"Kansas";2018;12.40952;12.81467;0.68380;NA;2.78821*;1;1
"Kansas";2019;14.26207;13.17197;0.72831;NA;2.78821*;1;1
"Kentucky";1999;4.85978;4.88688;0.34646;NA;27.98282*;2;2
"Kentucky";2000;5.91318;6.25436;0.38106;NA;27.98282*;2;2
"Kentucky";2001;8.43858;8.00451;0.45468;NA;27.98282*;2;2
"Kentucky";2002;10.45194;10.24440;0.50712;NA;27.98282*;2;2
"Kentucky";2003;13.59056;13.11107;0.57577;Joinpoint 1;NA;2;2
"Kentucky";2004;12.77051;14.05393;0.55838;NA;7.19134*;2;2
"Kentucky";2005;15.34551;15.06459;0.61006;NA;7.19134*;2;2
"Kentucky";2006;17.38261;16.14794;0.64762;NA;7.19134*;2;2
"Kentucky";2007;16.69689;17.30919;0.63163;NA;7.19134*;2;2
"Kentucky";2008;17.94292;18.55395;0.65438;NA;7.19134*;2;2
"Kentucky";2009;17.96206;19.88823;0.65473;NA;7.19134*;2;2
"Kentucky";2010;23.57088;21.31846;0.75184;NA;7.19134*;2;2
"Kentucky";2011;25.00259;22.85154;0.77903;NA;7.19134*;2;2
"Kentucky";2012;24.96474;24.49487;0.77197;NA;7.19134*;2;2
"Kentucky";2013;23.68489;26.25638;0.75482;NA;7.19134*;2;2
"Kentucky";2014;24.74589;28.14457;0.76860;NA;7.19134*;2;2
"Kentucky";2015;29.90666;30.16854;0.85315;NA;7.19134*;2;2
"Kentucky";2016;33.54986;32.33806;0.90871;NA;7.19134*;2;2
"Kentucky";2017;37.22164;34.66359;0.95856;Joinpoint 2;NA;2;2
"Kentucky";2018;30.85421;33.02838;0.86874;NA;-4.71739;2;2
"Kentucky";2019;32.51041;31.47030;0.89456;NA;-4.71739;2;2
"Louisiana";1999;4.32463;4.56234;0.31576;NA;22.17259*;2;2
"Louisiana";2000;5.64166;5.57393;0.35889;NA;22.17259*;2;2
"Louisiana";2001;5.97002;6.80981;0.36765;NA;22.17259*;2;2
"Louisiana";2002;8.25231;8.31972;0.43317;NA;22.17259*;2;2
"Louisiana";2003;12.13533;10.16442;0.52616;NA;22.17259*;2;2
"Louisiana";2004;12.12110;12.41814;0.52457;NA;22.17259*;2;2
"Louisiana";2005;14.73019;15.17156;0.57624;NA;22.17259*;2;2
"Louisiana";2006;16.53139;18.53549;0.62706;Joinpoint 1;NA;2;2
"Louisiana";2007;18.83270;16.71440;0.66811;NA;-9.82485;2;2
"Louisiana";2008;14.87775;15.07224;0.59182;NA;-9.82485;2;2
"Louisiana";2009;13.13860;13.59141;0.55067;NA;-9.82485;2;2
"Louisiana";2010;13.17473;12.25608;0.54942;Joinpoint 2;NA;2;2
"Louisiana";2011;13.48342;13.45352;0.56003;NA;9.77017*;2;2
"Louisiana";2012;12.32860;14.76795;0.52795;NA;9.77017*;2;2
"Louisiana";2013;17.77182;16.21080;0.63833;NA;9.77017*;2;2
"Louisiana";2014;16.85828;17.79463;0.61777;NA;9.77017*;2;2
"Louisiana";2015;19.03854;19.53319;0.66258;NA;9.77017*;2;2
"Louisiana";2016;21.81069;21.44162;0.70578;NA;9.77017*;2;2
"Louisiana";2017;24.50278;23.53650;0.75229;NA;9.77017*;2;2
"Louisiana";2018;25.43107;25.83606;0.76954;NA;9.77017*;2;2
"Louisiana";2019;28.33478;28.36028;0.81383;NA;9.77017*;2;2
"Maine";1999;5.27065;4.59759;0.64585;NA;26.73448*;3;3
"Maine";2000;4.77820;5.82673;0.61400;NA;26.73448*;3;3
"Maine";2001;6.48933;7.38447;0.70799;NA;26.73448*;3;3
"Maine";2002;10.93835;9.35868;0.93466;NA;26.73448*;3;3
"Maine";2003;10.28091;11.86067;0.89933;Joinpoint 1;NA;3;3
"Maine";2004;10.95062;11.81716;0.93383;NA;-0.36682;3;3
"Maine";2005;12.42558;11.77381;0.98767;NA;-0.36682;3;3
"Maine";2006;12.02546;11.73062;0.97001;NA;-0.36682;3;3
"Maine";2007;12.36190;11.68759;0.99909;NA;-0.36682;3;3
"Maine";2008;12.32409;11.64472;0.98929;NA;-0.36682;3;3
"Maine";2009;12.74501;11.60201;0.99497;NA;-0.36682;3;3
"Maine";2010;10.42214;11.55945;0.91914;NA;-0.36682;3;3
"Maine";2011;11.77731;11.51704;0.97635;NA;-0.36682;3;3
"Maine";2012;11.47430;11.47480;0.96603;Joinpoint 2;NA;3;3
"Maine";2013;13.24378;14.21508;1.04842;NA;23.88091*;3;3
"Maine";2014;16.83850;17.60977;1.18592;NA;23.88091*;3;3
"Maine";2015;21.15717;21.81515;1.33820;NA;23.88091*;3;3
"Maine";2016;28.71441;27.02480;1.58102;NA;23.88091*;3;3
"Maine";2017;34.39202;33.47857;1.72796;Joinpoint 3;NA;3;3
"Maine";2018;27.94414;30.91737;1.56089;NA;-7.65028;3;3
"Maine";2019;29.91744;28.55210;1.60631;NA;-7.65028;3;3
"Maryland";1999;11.43285;11.82455;0.45761;NA;0.62015;2;2
"Maryland";2000;11.27800;11.89788;0.45314;NA;0.62015;2;2
"Maryland";2001;11.48251;11.97166;0.45487;NA;0.62015;2;2
"Maryland";2002;12.88419;12.04590;0.47981;NA;0.62015;2;2
"Maryland";2003;13.77504;12.12061;0.49507;NA;0.62015;2;2
"Maryland";2004;11.85135;12.19577;0.45724;NA;0.62015;2;2
"Maryland";2005;11.44837;12.27140;0.44845;NA;0.62015;2;2
"Maryland";2006;13.16550;12.34750;0.47909;NA;0.62015;2;2
"Maryland";2007;13.22760;12.42408;0.47983;NA;0.62015;2;2
"Maryland";2008;11.75102;12.50112;0.45022;NA;0.62015;2;2
"Maryland";2009;12.46397;12.57865;0.46213;NA;0.62015;2;2
"Maryland";2010;10.96174;12.65665;0.43486;NA;0.62015;2;2
"Maryland";2011;11.74445;12.73514;0.44743;NA;0.62015;2;2
"Maryland";2012;13.69167;12.81412;0.48202;NA;0.62015;2;2
"Maryland";2013;14.59135;12.89359;0.49638;Joinpoint 1;NA;2;2
"Maryland";2014;17.39417;17.56102;0.54120;NA;36.19966*;2;2
"Maryland";2015;20.87227;23.91805;0.59338;NA;36.19966*;2;2
"Maryland";2016;33.22312;32.57631;0.74992;Joinpoint 2;NA;2;2
"Maryland";2017;36.28088;34.60932;0.78177;NA;6.24075;2;2
"Maryland";2018;37.23615;36.76920;0.79062;NA;6.24075;2;2
"Maryland";2019;38.16467;39.06387;0.80361;NA;6.24075;2;2
"Massachusetts";1999;7.48025;7.95560;0.33916;NA;8.12763*;3;3
"Massachusetts";2000;7.11156;8.60220;0.33077;NA;8.12763*;3;3
"Massachusetts";2001;10.48661;9.30135;0.39969;NA;8.12763*;3;3
"Massachusetts";2002;10.72259;10.05733;0.40406;NA;8.12763*;3;3
"Massachusetts";2003;12.63221;10.87476;0.44070;NA;8.12763*;3;3
"Massachusetts";2004;10.28320;11.75862;0.39837;NA;8.12763*;3;3
"Massachusetts";2005;11.97825;12.71431;0.43010;NA;8.12763*;3;3
"Massachusetts";2006;14.69028;13.74768;0.47401;Joinpoint 1;NA;3;3
"Massachusetts";2007;14.00258;13.42558;0.46432;NA;-2.34296;3;3
"Massachusetts";2008;11.90040;13.11102;0.42798;NA;-2.34296;3;3
"Massachusetts";2009;12.23563;12.80384;0.43303;NA;-2.34296;3;3
"Massachusetts";2010;11.00931;12.50385;0.41080;NA;-2.34296;3;3
"Massachusetts";2011;12.72629;12.21089;0.44181;NA;-2.34296;3;3
"Massachusetts";2012;12.73090;11.92479;0.44176;Joinpoint 2;NA;3;3
"Massachusetts";2013;15.99708;15.34249;0.49536;NA;28.66048*;3;3
"Massachusetts";2014;19.04359;19.73973;0.54050;NA;28.66048*;3;3
"Massachusetts";2015;25.66535;25.39723;0.63009;NA;28.66048*;3;3
"Massachusetts";2016;32.98972;32.67619;0.71552;Joinpoint 3;NA;3;3
"Massachusetts";2017;31.75614;32.49866;0.69859;NA;-0.54332;3;3
"Massachusetts";2018;32.77335;32.32209;0.70942;NA;-0.54332;3;3
"Massachusetts";2019;32.08826;32.14647;0.70014;NA;-0.54332;3;3
"Michigan";1999;4.64841;5.10460;0.21682;NA;11.16650*;3;3
"Michigan";2000;5.63403;5.67461;0.23791;NA;11.16650*;3;3
"Michigan";2001;6.17983;6.30826;0.24819;NA;11.16650*;3;3
"Michigan";2002;7.48296;7.01268;0.27346;NA;11.16650*;3;3
"Michigan";2003;7.60011;7.79575;0.27626;NA;11.16650*;3;3
"Michigan";2004;8.65658;8.66626;0.29517;NA;11.16650*;3;3
"Michigan";2005;9.77233;9.63398;0.31314;NA;11.16650*;3;3
"Michigan";2006;11.71429;10.70976;0.34426;NA;11.16650*;3;3
"Michigan";2007;12.21282;11.90566;0.35094;NA;11.16650*;3;3
"Michigan";2008;12.38489;13.23511;0.35650;NA;11.16650*;3;3
"Michigan";2009;14.46502;14.71300;0.38864;Joinpoint 1;NA;3;3
"Michigan";2010;13.94939;14.32159;0.38085;NA;-2.66033;3;3
"Michigan";2011;14.26162;13.94059;0.39123;NA;-2.66033;3;3
"Michigan";2012;13.52262;13.56972;0.38198;Joinpoint 2;NA;3;3
"Michigan";2013;15.86931;15.67123;0.41272;NA;15.48674*;3;3
"Michigan";2014;18.03709;18.09819;0.44140;NA;15.48674*;3;3
"Michigan";2015;20.35412;20.90101;0.47013;NA;15.48674*;3;3
"Michigan";2016;24.37720;24.13790;0.51772;NA;15.48674*;3;3
"Michigan";2017;27.77879;27.87607;0.55142;Joinpoint 3;NA;3;3
"Michigan";2018;26.64382;26.21508;0.54012;NA;-5.95850;3;3
"Michigan";2019;24.43588;24.65305;0.51737;NA;-5.95850;3;3
"Minnesota";1999;2.78756;2.74049;0.23921;NA;12.46696*;1;1
"Minnesota";2000;2.59939;3.08214;0.22817;NA;12.46696*;1;1
"Minnesota";2001;3.66850;3.46639;0.26982;NA;12.46696*;1;1
"Minnesota";2002;3.94802;3.89855;0.27873;NA;12.46696*;1;1
"Minnesota";2003;4.81031;4.38458;0.30714;NA;12.46696*;1;1
"Minnesota";2004;4.83940;4.93120;0.30691;NA;12.46696*;1;1
"Minnesota";2005;5.44995;5.54597;0.32583;NA;12.46696*;1;1
"Minnesota";2006;5.92360;6.23738;0.33792;Joinpoint 1;NA;1;1
"Minnesota";2007;6.42148;6.63661;0.35089;NA;6.40055*;1;1
"Minnesota";2008;7.21587;7.06139;0.37190;NA;6.40055*;1;1
"Minnesota";2009;7.87854;7.51336;0.39017;NA;6.40055*;1;1
"Minnesota";2010;7.34763;7.99425;0.37397;NA;6.40055*;1;1
"Minnesota";2011;9.35361;8.50593;0.42148;NA;6.40055*;1;1
"Minnesota";2012;8.90593;9.05036;0.41309;NA;6.40055*;1;1
"Minnesota";2013;9.60181;9.62963;0.42797;NA;6.40055*;1;1
"Minnesota";2014;9.59802;10.24598;0.43140;NA;6.40055*;1;1
"Minnesota";2015;10.64702;10.90178;0.45151;NA;6.40055*;1;1
"Minnesota";2016;12.46773;11.59955;0.49110;NA;6.40055*;1;1
"Minnesota";2017;13.34127;12.34198;0.50219;NA;6.40055*;1;1
"Minnesota";2018;11.46728;13.13194;0.46388;NA;6.40055*;1;1
"Minnesota";2019;14.24345;13.97245;0.51710;NA;6.40055*;1;1
"Mississippi";1999;3.20125;3.98839;0.34392;NA;15.40271*;1;1
"Mississippi";2000;4.17015;4.60271;0.39128;NA;15.40271*;1;1
"Mississippi";2001;6.15720;5.31165;0.47465;NA;15.40271*;1;1
"Mississippi";2002;6.63377;6.12978;0.49188;NA;15.40271*;1;1
"Mississippi";2003;7.48347;7.07394;0.52208;NA;15.40271*;1;1
"Mississippi";2004;8.17360;8.16351;0.54853;NA;15.40271*;1;1
"Mississippi";2005;8.81037;9.42092;0.56282;NA;15.40271*;1;1
"Mississippi";2006;12.08201;10.87199;0.66099;Joinpoint 1;NA;1;1
"Mississippi";2007;10.95019;10.97074;0.62393;NA;0.90826;1;1
"Mississippi";2008;10.50939;11.07038;0.60960;NA;0.90826;1;1
"Mississippi";2009;11.16776;11.17093;0.62857;NA;0.90826;1;1
"Mississippi";2010;11.38635;11.27239;0.63218;NA;0.90826;1;1
"Mississippi";2011;10.70452;11.37477;0.62737;NA;0.90826;1;1
"Mississippi";2012;10.65933;11.47808;0.61498;NA;0.90826;1;1
"Mississippi";2013;10.83361;11.58233;0.61899;NA;0.90826;1;1
"Mississippi";2014;11.64815;11.68753;0.64665;NA;0.90826;1;1
"Mississippi";2015;12.34483;11.79368;0.67016;NA;0.90826;1;1
"Mississippi";2016;12.13245;11.90080;0.66058;NA;0.90826;1;1
"Mississippi";2017;12.18226;12.00889;0.66222;NA;0.90826;1;1
"Mississippi";2018;10.84666;12.11796;0.63062;NA;0.90826;1;1
"Mississippi";2019;13.63327;12.22802;0.70546;NA;0.90826;1;1
"Missouri";1999;5.01215;4.80120;0.30182;NA;16.57730*;1;1
"Missouri";2000;5.48690;5.59711;0.31531;NA;16.57730*;1;1
"Missouri";2001;6.25763;6.52496;0.33430;NA;16.57730*;1;1
"Missouri";2002;7.46503;7.60662;0.36653;NA;16.57730*;1;1
"Missouri";2003;9.29358;8.86759;0.40787;NA;16.57730*;1;1
"Missouri";2004;9.75560;10.33760;0.41837;Joinpoint 1;NA;1;1
"Missouri";2005;10.67137;11.01941;0.43555;NA;6.59537*;1;1
"Missouri";2006;12.95017;11.74618;0.47841;NA;6.59537*;1;1
"Missouri";2007;12.25245;12.52088;0.46296;NA;6.59537*;1;1
"Missouri";2008;13.14676;13.34668;0.48083;NA;6.59537*;1;1
"Missouri";2009;14.64886;14.22694;0.50539;NA;6.59537*;1;1
"Missouri";2010;17.03509;15.16526;0.54823;NA;6.59537*;1;1
"Missouri";2011;16.40631;16.16547;0.53806;NA;6.59537*;1;1
"Missouri";2012;16.16557;17.23164;0.53654;NA;6.59537*;1;1
"Missouri";2013;17.49288;18.36813;0.55825;NA;6.59537*;1;1
"Missouri";2014;18.21461;19.57958;0.56857;NA;6.59537*;1;1
"Missouri";2015;17.89408;20.87093;0.56043;NA;6.59537*;1;1
"Missouri";2016;23.64362;22.24744;0.65290;NA;6.59537*;1;1
"Missouri";2017;23.36502;23.71474;0.64708;NA;6.59537*;1;1
"Missouri";2018;27.48077;25.27882;0.70155;NA;6.59537*;1;1
"Missouri";2019;26.87082;26.94605;0.69211;NA;6.59537*;1;1
"Montana";1999;4.58281;4.18278;0.71953;NA;24.30567*;2;2
"Montana";2000;4.53961;5.19943;0.71148;NA;24.30567*;2;2
"Montana";2001;6.23221;6.46318;0.83884;NA;24.30567*;2;2
"Montana";2002;8.66328;8.03410;0.99024;NA;24.30567*;2;2
"Montana";2003;10.55362;9.98685;1.10798;Joinpoint 1;NA;2;2
"Montana";2004;10.91527;10.54503;1.11863;NA;5.58916;2;2
"Montana";2005;10.12055;11.13441;1.05370;NA;5.58916;2;2
"Montana";2006;10.24540;11.75673;1.06117;NA;5.58916;2;2
"Montana";2007;12.75836;12.41383;1.16717;NA;5.58916;2;2
"Montana";2008;14.07232;13.10766;1.24771;NA;5.58916;2;2
"Montana";2009;14.64042;13.84027;1.26219;Joinpoint 2;NA;2;2
"Montana";2010;12.88079;13.69771;1.22305;NA;-1.02999;2;2
"Montana";2011;14.38992;13.55663;1.26010;NA;-1.02999;2;2
"Montana";2012;11.91452;13.41700;1.12719;NA;-1.02999;2;2
"Montana";2013;14.45572;13.27880;1.27066;NA;-1.02999;2;2
"Montana";2014;12.38263;13.14203;1.15558;NA;-1.02999;2;2
"Montana";2015;13.83316;13.00667;1.22011;NA;-1.02999;2;2
"Montana";2016;11.66620;12.87270;1.11139;NA;-1.02999;2;2
"Montana";2017;11.66820;12.74011;1.11050;NA;-1.02999;2;2
"Montana";2018;12.16688;12.60889;1.12589;NA;-1.02999;2;2
"Montana";2019;14.11428;12.47902;1.22005;NA;-1.02999;2;2
"Nebraska";1999;2.33858;2.81607;0.37505;NA;7.88053*;1;1
"Nebraska";2000;2.75145;3.03799;0.40593;NA;7.88053*;1;1
"Nebraska";2001;3.94721;3.27740;0.48664;NA;7.88053*;1;1
"Nebraska";2002;3.94265;3.53567;0.48645;NA;7.88053*;1;1
"Nebraska";2003;3.21977;3.81430;0.43611;NA;7.88053*;1;1
"Nebraska";2004;3.55655;4.11489;0.46508;NA;7.88053*;1;1
"Nebraska";2005;5.02298;4.43917;0.54581;NA;7.88053*;1;1
"Nebraska";2006;5.37597;4.78900;0.56858;NA;7.88053*;1;1
"Nebraska";2007;4.77065;5.16640;0.53951;NA;7.88053*;1;1
"Nebraska";2008;5.46076;5.57353;0.57195;NA;7.88053*;1;1
"Nebraska";2009;5.90856;6.01276;0.58354;NA;7.88053*;1;1
"Nebraska";2010;6.67402;6.48660;0.62846;NA;7.88053*;1;1
"Nebraska";2011;7.12504;6.99777;0.63984;Joinpoint 1;NA;1;1
"Nebraska";2012;7.90991;7.10029;0.66895;NA;1.46501;1;1
"Nebraska";2013;6.47097;7.20431;0.61228;NA;1.46501;1;1
"Nebraska";2014;7.18534;7.30986;0.65469;NA;1.46501;1;1
"Nebraska";2015;6.94548;7.41695;0.63278;NA;1.46501;1;1
"Nebraska";2016;6.44355;7.52561;0.60236;NA;1.46501;1;1
"Nebraska";2017;8.12210;7.63586;0.67354;NA;1.46501;1;1
"Nebraska";2018;7.39449;7.74772;0.64647;NA;1.46501;1;1
"Nebraska";2019;8.69729;7.86123;0.70108;NA;1.46501;1;1
"Nevada";1999;11.54252;12.24805;0.76977;NA;5.54563*;1;1
"Nevada";2000;13.68312;12.92728;0.83366;NA;5.54563*;1;1
"Nevada";2001;12.26885;13.64418;0.76309;NA;5.54563*;1;1
"Nevada";2002;14.75001;14.40084;0.82407;NA;5.54563*;1;1
"Nevada";2003;15.19161;15.19945;0.82564;NA;5.54563*;1;1
"Nevada";2004;16.03104;16.04236;0.82531;NA;5.54563*;1;1
"Nevada";2005;18.66179;16.93201;0.87762;NA;5.54563*;1;1
"Nevada";2006;17.97102;17.87100;0.84158;NA;5.54563*;1;1
"Nevada";2007;18.85043;18.86206;0.84923;NA;5.54563*;1;1
"Nevada";2008;19.18456;19.90807;0.84771;NA;5.54563*;1;1
"Nevada";2009;20.06293;21.01210;0.86278;Joinpoint 1;NA;1;1
"Nevada";2010;20.73427;20.98501;0.87129;NA;-0.12896;1;1
"Nevada";2011;22.83901;20.95794;0.91347;NA;-0.12896;1;1
"Nevada";2012;20.96202;20.93092;0.86501;NA;-0.12896;1;1
"Nevada";2013;21.11879;20.90393;0.86387;NA;-0.12896;1;1
"Nevada";2014;18.40960;20.87697;0.80075;NA;-0.12896;1;1
"Nevada";2015;20.36617;20.85005;0.83312;NA;-0.12896;1;1
"Nevada";2016;21.67037;20.82316;0.85656;NA;-0.12896;1;1
"Nevada";2017;21.57565;20.79630;0.84750;NA;-0.12896;1;1
"Nevada";2018;21.17939;20.76949;0.82597;NA;-0.12896;1;1
"Nevada";2019;20.09557;20.74270;0.80768;NA;-0.12896;1;1
"New Hampshire";1999;4.27528;3.71027;0.58323;NA;27.74241*;3;3
"New Hampshire";2000;3.42591;4.73959;0.51201;NA;27.74241*;3;3
"New Hampshire";2001;6.07837;6.05447;0.68636;NA;27.74241*;3;3
"New Hampshire";2002;8.66546;7.73413;0.82604;NA;27.74241*;3;3
"New Hampshire";2003;9.52991;9.87976;0.85054;Joinpoint 1;NA;3;3
"New Hampshire";2004;9.55463;10.26483;0.86389;NA;3.89756;3;3
"New Hampshire";2005;10.65079;10.66491;0.90139;NA;3.89756;3;3
"New Hampshire";2006;11.23448;11.08058;0.93020;NA;3.89756;3;3
"New Hampshire";2007;13.81135;11.51245;1.02883;NA;3.89756;3;3
"New Hampshire";2008;9.36662;11.96116;0.85054;NA;3.89756;3;3
"New Hampshire";2009;12.47778;12.42735;0.98600;NA;3.89756;3;3
"New Hampshire";2010;11.81370;12.91171;0.95936;NA;3.89756;3;3
"New Hampshire";2011;15.34962;13.41496;1.09359;NA;3.89756;3;3
"New Hampshire";2012;13.39330;13.93781;1.04369;Joinpoint 2;NA;3;3
"New Hampshire";2013;15.08643;18.28392;1.09327;NA;31.18211*;3;3
"New Hampshire";2014;26.21253;23.98523;1.47516;NA;31.18211*;3;3
"New Hampshire";2015;34.31955;31.46433;1.71552;NA;31.18211*;3;3
"New Hampshire";2016;38.99024;41.27557;1.82691;Joinpoint 3;NA;3;3
"New Hampshire";2017;36.95595;38.00504;1.76194;NA;-7.92365;3;3
"New Hampshire";2018;35.79493;34.99366;1.73447;NA;-7.92365;3;3
"New Hampshire";2019;32.02622;32.22089;1.63565;NA;-7.92365;3;3
"New Jersey";1999;6.50266;8.07036;0.27628;NA;-0.09790;1;1
"New Jersey";2000;7.53879;8.06246;0.29801;NA;-0.09790;1;1
"New Jersey";2001;8.13818;8.05457;0.30699;NA;-0.09790;1;1
"New Jersey";2002;9.33006;8.04668;0.32785;NA;-0.09790;1;1
"New Jersey";2003;8.28812;8.03881;0.30922;NA;-0.09790;1;1
"New Jersey";2004;6.77483;8.03094;0.27965;NA;-0.09790;1;1
"New Jersey";2005;9.41321;8.02307;0.32926;NA;-0.09790;1;1
"New Jersey";2006;9.66444;8.01522;0.33392;NA;-0.09790;1;1
"New Jersey";2007;8.37151;8.00737;0.31219;NA;-0.09790;1;1
"New Jersey";2008;7.96732;7.99953;0.30286;NA;-0.09790;1;1
"New Jersey";2009;2.99670;7.99170;0.18614;Joinpoint 1;NA;1;1
"New Jersey";2010;9.76717;9.27471;0.33505;NA;16.05429*;1;1
"New Jersey";2011;11.30605;10.76370;0.36022;NA;16.05429*;1;1
"New Jersey";2012;13.73985;12.49174;0.39822;NA;16.05429*;1;1
"New Jersey";2013;14.49430;14.49720;0.40854;NA;16.05429*;1;1
"New Jersey";2014;14.01723;16.82462;0.40195;NA;16.05429*;1;1
"New Jersey";2015;16.33507;19.52569;0.43537;NA;16.05429*;1;1
"New Jersey";2016;23.20772;22.66041;0.52045;NA;16.05429*;1;1
"New Jersey";2017;30.00140;26.29838;0.59007;NA;16.05429*;1;1
"New Jersey";2018;33.11330;30.52039;0.62717;NA;16.05429*;1;1
"New Jersey";2019;31.71887;35.42023;0.61196;NA;16.05429*;1;1
"New Mexico";1999;15.01022;14.08245;0.92415;NA;6.09567*;1;1
"New Mexico";2000;15.13265;14.94087;0.92353;NA;6.09567*;1;1
"New Mexico";2001;14.35632;15.85162;0.89702;NA;6.09567*;1;1
"New Mexico";2002;16.10313;16.81788;0.95312;NA;6.09567*;1;1
"New Mexico";2003;19.73719;17.84304;1.04924;NA;6.09567*;1;1
"New Mexico";2004;16.94204;18.93069;0.96229;NA;6.09567*;1;1
"New Mexico";2005;20.08438;20.08465;1.04806;NA;6.09567*;1;1
"New Mexico";2006;21.75599;21.30894;1.07591;NA;6.09567*;1;1
"New Mexico";2007;23.38840;22.60787;1.10180;NA;6.09567*;1;1
"New Mexico";2008;26.68522;23.98597;1.18976;Joinpoint 1;NA;1;1
"New Mexico";2009;22.03618;24.26092;1.07173;NA;1.14631;1;1
"New Mexico";2010;23.81863;24.53903;1.11115;NA;1.14631;1;1
"New Mexico";2011;26.30801;24.82032;1.17056;NA;1.14631;1;1
"New Mexico";2012;24.66084;25.10484;1.13837;NA;1.14631;1;1
"New Mexico";2013;22.62562;25.39262;1.08551;NA;1.14631;1;1
"New Mexico";2014;27.28920;25.68370;1.19690;NA;1.14631;1;1
"New Mexico";2015;25.31065;25.97812;1.16029;NA;1.14631;1;1
"New Mexico";2016;25.18766;26.27591;1.15761;NA;1.14631;1;1
"New Mexico";2017;24.83666;26.57711;1.14745;NA;1.14631;1;1
"New Mexico";2018;26.68144;26.88177;1.18694;NA;1.14631;1;1
"New Mexico";2019;30.15334;27.18992;1.26641;NA;1.14631;1;1
"New York";1999;5.03825;3.92109;0.16284;NA;8.39766*;0;0
"New York";2000;3.98609;4.25037;0.14418;NA;8.39766*;0;0
"New York";2001;5.57976;4.60730;0.17009;NA;8.39766*;0;0
"New York";2002;4.78504;4.99420;0.15770;NA;8.39766*;0;0
"New York";2003;4.96951;5.41360;0.16026;NA;8.39766*;0;0
"New York";2004;4.25675;5.86822;0.14800;NA;8.39766*;0;0
"New York";2005;4.79221;6.36101;0.15657;NA;8.39766*;0;0
"New York";2006;8.57369;6.89518;0.21011;NA;8.39766*;0;0
"New York";2007;8.64492;7.47422;0.21050;NA;8.39766*;0;0
"New York";2008;8.53689;8.10188;0.20917;NA;8.39766*;0;0
"New York";2009;7.99131;8.78224;0.20242;NA;8.39766*;0;0
"New York";2010;7.79533;9.51975;0.19996;NA;8.39766*;0;0
"New York";2011;9.67392;10.31918;0.22219;NA;8.39766*;0;0
"New York";2012;10.41667;11.18575;0.23038;NA;8.39766*;0;0
"New York";2013;11.31020;12.12509;0.23917;NA;8.39766*;0;0
"New York";2014;11.30470;13.14332;0.23982;NA;8.39766*;0;0
"New York";2015;13.58231;14.24705;0.26372;NA;8.39766*;0;0
"New York";2016;18.04246;15.44347;0.30527;NA;8.39766*;0;0
"New York";2017;19.44802;16.74036;0.31753;NA;8.39766*;0;0
"New York";2018;18.41452;18.14615;0.31028;NA;8.39766*;0;0
"New York";2019;18.22837;19.67000;0.31122;NA;8.39766*;0;0
"North Carolina";1999;4.58360;4.98162;0.24000;NA;15.18040*;3;3
"North Carolina";2000;6.01501;5.73785;0.27182;NA;15.18040*;3;3
"North Carolina";2001;6.63982;6.60888;0.28317;NA;15.18040*;3;3
"North Carolina";2002;7.72613;7.61213;0.30415;NA;15.18040*;3;3
"North Carolina";2003;9.01645;8.76768;0.32724;NA;15.18040*;3;3
"North Carolina";2004;9.92404;10.09865;0.34083;NA;15.18040*;3;3
"North Carolina";2005;11.41331;11.63167;0.36195;Joinpoint 1;NA;3;3
"North Carolina";2006;11.84784;11.81528;0.36526;NA;1.57853*;3;3
"North Carolina";2007;11.86433;12.00179;0.36202;NA;1.57853*;3;3
"North Carolina";2008;12.78210;12.19124;0.37186;NA;1.57853*;3;3
"North Carolina";2009;12.59874;12.38368;0.36783;NA;1.57853*;3;3
"North Carolina";2010;11.40181;12.57916;0.34792;NA;1.57853*;3;3
"North Carolina";2011;13.04902;12.77773;0.37105;NA;1.57853*;3;3
"North Carolina";2012;13.32498;12.97943;0.37409;NA;1.57853*;3;3
"North Carolina";2013;12.88676;13.18431;0.36796;NA;1.57853*;3;3
"North Carolina";2014;13.80459;13.39243;0.38038;Joinpoint 2;NA;3;3
"North Carolina";2015;15.79283;16.21591;0.40522;NA;21.08261*;3;3
"North Carolina";2016;19.69470;19.63464;0.45262;NA;21.08261*;3;3
"North Carolina";2017;24.12239;23.77414;0.49937;Joinpoint 3;NA;3;3
"North Carolina";2018;22.37543;22.88325;0.47982;NA;-3.74732;3;3
"North Carolina";2019;22.27361;22.02574;0.47699;NA;-3.74732;3;3
"North Dakota";1999;NA;NA;0.52730;NA;NA;NA;NA
"North Dakota";2000;NA;NA;0.58338;NA;NA;NA;NA
"North Dakota";2001;NA;NA;0.62529;NA;NA;NA;NA
"North Dakota";2002;NA;NA;0.63885;NA;NA;NA;NA
"North Dakota";2003;3.52889;NA;0.76055;NA;NA;NA;NA
"North Dakota";2004;NA;NA;0.63725;NA;NA;NA;NA
"North Dakota";2005;NA;NA;0.53578;NA;NA;NA;NA
"North Dakota";2006;NA;NA;0.57709;NA;NA;NA;NA
"North Dakota";2007;4.76233;NA;0.85627;NA;NA;NA;NA
"North Dakota";2008;7.37035;NA;1.11385;NA;NA;NA;NA
"North Dakota";2009;4.40543;NA;0.86531;NA;NA;NA;NA
"North Dakota";2010;3.40893;NA;0.72829;NA;NA;NA;NA
"North Dakota";2011;NA;NA;0.52198;NA;NA;NA;NA
"North Dakota";2012;3.11843;NA;0.69702;NA;NA;NA;NA
"North Dakota";2013;2.81536;NA;0.64877;NA;NA;NA;NA
"North Dakota";2014;6.26278;NA;0.98678;NA;NA;NA;NA
"North Dakota";2015;8.59710;NA;1.12916;NA;NA;NA;NA
"North Dakota";2016;10.61017;NA;1.24492;NA;NA;NA;NA
"North Dakota";2017;9.24367;NA;1.15164;NA;NA;NA;NA
"North Dakota";2018;10.17384;NA;1.24484;NA;NA;NA;NA
"North Dakota";2019;11.35886;NA;1.29045;NA;NA;NA;NA
"Ohio";1999;4.15038;5.52021;0.19217;NA;10.38458*;2;2
"Ohio";2000;4.98819;6.09347;0.21032;NA;10.38458*;2;2
"Ohio";2001;6.47055;6.72625;0.23859;NA;10.38458*;2;2
"Ohio";2002;8.20322;7.42474;0.26940;NA;10.38458*;2;2
"Ohio";2003;6.79361;8.19577;0.24477;NA;10.38458*;2;2
"Ohio";2004;9.94208;9.04686;0.29639;NA;10.38458*;2;2
"Ohio";2005;10.89824;9.98634;0.31108;NA;10.38458*;2;2
"Ohio";2006;13.23148;11.02338;0.34274;NA;10.38458*;2;2
"Ohio";2007;13.88583;12.16811;0.35157;NA;10.38458*;2;2
"Ohio";2008;15.13828;13.43172;0.36837;NA;10.38458*;2;2
"Ohio";2009;10.88666;14.82654;0.31441;NA;10.38458*;2;2
"Ohio";2010;16.08845;16.36622;0.38204;NA;10.38458*;2;2
"Ohio";2011;17.71782;18.06578;0.40143;NA;10.38458*;2;2
"Ohio";2012;18.89697;19.94183;0.41811;NA;10.38458*;2;2
"Ohio";2013;20.79259;22.01271;0.43833;NA;10.38458*;2;2
"Ohio";2014;24.63635;24.29864;0.48084;Joinpoint 1;NA;2;2
"Ohio";2015;29.91183;29.97414;0.53173;NA;23.35731;2;2
"Ohio";2016;39.12249;36.97530;0.60892;NA;23.35731;2;2
"Ohio";2017;46.34691;45.61173;0.66432;Joinpoint 2;NA;2;2
"Ohio";2018;35.93101;40.60347;0.58453;NA;-10.98020;2;2
"Ohio";2019;38.27614;36.14513;0.60279;NA;-10.98020;2;2
"Oklahoma";1999;5.36254;5.79423;0.40217;NA;16.26526*;1;1
"Oklahoma";2000;7.10241;6.73668;0.46174;NA;16.26526*;1;1
"Oklahoma";2001;7.96091;7.83242;0.48636;NA;16.26526*;1;1
"Oklahoma";2002;7.06899;9.10638;0.45769;NA;16.26526*;1;1
"Oklahoma";2003;11.78055;10.58756;0.59164;NA;16.26526*;1;1
"Oklahoma";2004;13.93020;12.30965;0.64255;NA;16.26526*;1;1
"Oklahoma";2005;13.83997;14.31185;0.63787;NA;16.26526*;1;1
"Oklahoma";2006;16.23349;16.63971;0.69036;NA;16.26526*;1;1
"Oklahoma";2007;18.83162;19.34620;0.73754;Joinpoint 1;NA;1;1
"Oklahoma";2008;15.63102;19.35282;0.66590;NA;0.03419;1;1
"Oklahoma";2009;20.63361;19.35944;0.76153;NA;0.03419;1;1
"Oklahoma";2010;19.43987;19.36606;0.73842;NA;0.03419;1;1
"Oklahoma";2011;18.92303;19.37268;0.72549;NA;0.03419;1;1
"Oklahoma";2012;20.59191;19.37930;0.75518;NA;0.03419;1;1
"Oklahoma";2013;20.63646;19.38593;0.74929;NA;0.03419;1;1
"Oklahoma";2014;20.34658;19.39256;0.74521;NA;0.03419;1;1
"Oklahoma";2015;19.00473;19.39919;0.72147;NA;0.03419;1;1
"Oklahoma";2016;21.53039;19.40582;0.77219;NA;0.03419;1;1
"Oklahoma";2017;20.07953;19.41246;0.73812;NA;0.03419;1;1
"Oklahoma";2018;18.37989;19.41910;0.70373;NA;0.03419;1;1
"Oklahoma";2019;16.66376;19.42574;0.67224;NA;0.03419;1;1
"Oregon";1999;6.13030;5.92931;0.42343;NA;11.32962*;1;1
"Oregon";2000;6.01506;6.60108;0.41790;NA;11.32962*;1;1
"Oregon";2001;6.87387;7.34896;0.44432;NA;11.32962*;1;1
"Oregon";2002;8.92688;8.18156;0.50296;NA;11.32962*;1;1
"Oregon";2003;9.78849;9.10851;0.52283;NA;11.32962*;1;1
"Oregon";2004;10.02342;10.14046;0.52899;NA;11.32962*;1;1
"Oregon";2005;10.41345;11.28934;0.53492;NA;11.32962*;1;1
"Oregon";2006;12.86338;12.56838;0.59011;Joinpoint 1;NA;1;1
"Oregon";2007;13.15818;12.57684;0.59454;NA;0.06730;1;1
"Oregon";2008;11.82487;12.58530;0.56415;NA;0.06730;1;1
"Oregon";2009;12.89676;12.59377;0.58546;NA;0.06730;1;1
"Oregon";2010;12.91175;12.60225;0.58572;NA;0.06730;1;1
"Oregon";2011;13.54936;12.61073;0.59920;NA;0.06730;1;1
"Oregon";2012;12.46559;12.61922;0.57366;NA;0.06730;1;1
"Oregon";2013;11.32113;12.62771;0.54315;NA;0.06730;1;1
"Oregon";2014;12.84831;12.63621;0.57484;NA;0.06730;1;1
"Oregon";2015;12.04752;12.64471;0.54973;NA;0.06730;1;1
"Oregon";2016;11.93856;12.65322;0.54378;NA;0.06730;1;1
"Oregon";2017;12.36724;12.66174;0.55032;NA;0.06730;1;1
"Oregon";2018;12.57326;12.67026;0.55112;NA;0.06730;1;1
"Oregon";2019;13.96835;12.67879;0.57787;NA;0.06730;1;1
"Pennsylvania";1999;8.14632;8.38627;0.25963;NA;6.48008*;2;2
"Pennsylvania";2000;9.46469;8.92971;0.28015;NA;6.48008*;2;2
"Pennsylvania";2001;7.89757;9.50837;0.25586;NA;6.48008*;2;2
"Pennsylvania";2002;9.10039;10.12452;0.27575;NA;6.48008*;2;2
"Pennsylvania";2003;11.37193;10.78059;0.30743;NA;6.48008*;2;2
"Pennsylvania";2004;12.72767;11.47918;0.32586;NA;6.48008*;2;2
"Pennsylvania";2005;13.18202;12.22304;0.33092;NA;6.48008*;2;2
"Pennsylvania";2006;13.49601;13.01511;0.33666;NA;6.48008*;2;2
"Pennsylvania";2007;13.85519;13.85850;0.33712;NA;6.48008*;2;2
"Pennsylvania";2008;14.90611;14.75654;0.35139;NA;6.48008*;2;2
"Pennsylvania";2009;15.24581;15.71278;0.35493;NA;6.48008*;2;2
"Pennsylvania";2010;15.32779;16.73098;0.35688;NA;6.48008*;2;2
"Pennsylvania";2011;18.32082;17.81516;0.39076;NA;6.48008*;2;2
"Pennsylvania";2012;18.95331;18.96959;0.39834;NA;6.48008*;2;2
"Pennsylvania";2013;19.39317;20.19884;0.40333;NA;6.48008*;2;2
"Pennsylvania";2014;21.90209;21.50774;0.42978;Joinpoint 1;NA;2;2
"Pennsylvania";2015;26.32732;27.41497;0.47282;NA;27.46560*;2;2
"Pennsylvania";2016;37.85088;34.94466;0.57113;NA;27.46560*;2;2
"Pennsylvania";2017;44.28706;44.54242;0.62018;Joinpoint 2;NA;2;2
"Pennsylvania";2018;36.13254;39.06626;0.55953;NA;-12.29426;2;2
"Pennsylvania";2019;35.64320;34.26335;0.55512;NA;-12.29426;2;2
"Rhode Island";1999;5.49188;8.10077;0.72759;NA;7.40517*;0;0
"Rhode Island";2000;6.99574;8.70065;0.81885;NA;7.40517*;0;0
"Rhode Island";2001;10.20270;9.34494;0.98286;NA;7.40517*;0;0
"Rhode Island";2002;9.34551;10.03695;0.94022;NA;7.40517*;0;0
"Rhode Island";2003;13.73106;10.78021;1.13836;NA;7.40517*;0;0
"Rhode Island";2004;9.81119;11.57850;0.95598;NA;7.40517*;0;0
"Rhode Island";2005;14.30189;12.43591;1.15098;NA;7.40517*;0;0
"Rhode Island";2006;16.40451;13.35681;1.24888;NA;7.40517*;0;0
"Rhode Island";2007;12.42403;14.34590;1.08045;NA;7.40517*;0;0
"Rhode Island";2008;17.34806;15.40824;1.29188;NA;7.40517*;0;0
"Rhode Island";2009;14.77506;16.54925;1.18464;NA;7.40517*;0;0
"Rhode Island";2010;15.50661;17.77475;1.22296;NA;7.40517*;0;0
"Rhode Island";2011;17.66700;19.09100;1.31180;NA;7.40517*;0;0
"Rhode Island";2012;18.23841;20.50472;1.33584;NA;7.40517*;0;0
"Rhode Island";2013;22.37492;22.02313;1.47729;NA;7.40517*;0;0
"Rhode Island";2014;23.35008;23.65398;1.52730;NA;7.40517*;0;0
"Rhode Island";2015;28.18417;25.40560;1.64846;NA;7.40517*;0;0
"Rhode Island";2016;30.82682;27.28693;1.75230;NA;7.40517*;0;0
"Rhode Island";2017;31.01854;29.30757;1.78639;NA;7.40517*;0;0
"Rhode Island";2018;30.10196;31.47785;1.75595;NA;7.40517*;0;0
"Rhode Island";2019;29.54907;33.80883;1.74285;NA;7.40517*;0;0
"South Carolina";1999;3.70530;4.38685;0.30586;NA;14.62004*;2;2
"South Carolina";2000;6.45588;5.02821;0.40237;NA;14.62004*;2;2
"South Carolina";2001;5.94208;5.76334;0.38324;NA;14.62004*;2;2
"South Carolina";2002;5.32429;6.60594;0.36223;NA;14.62004*;2;2
"South Carolina";2003;6.98958;7.57173;0.41408;NA;14.62004*;2;2
"South Carolina";2004;8.44427;8.67872;0.44957;NA;14.62004*;2;2
"South Carolina";2005;9.92417;9.94755;0.48483;NA;14.62004*;2;2
"South Carolina";2006;12.70351;11.40189;0.54403;NA;14.62004*;2;2
"South Carolina";2007;12.14209;13.06885;0.52509;Joinpoint 1;NA;2;2
"South Carolina";2008;12.49532;13.09862;0.53149;NA;0.22780;2;2
"South Carolina";2009;13.26507;13.12846;0.54214;NA;0.22780;2;2
"South Carolina";2010;14.62694;13.15836;0.56988;NA;0.22780;2;2
"South Carolina";2011;13.31145;13.18834;0.54456;NA;0.22780;2;2
"South Carolina";2012;12.45668;13.21838;0.52399;NA;0.22780;2;2
"South Carolina";2013;12.96856;13.24849;0.53246;Joinpoint 2;NA;2;2
"South Carolina";2014;14.43585;14.62674;0.55920;NA;10.40306*;2;2
"South Carolina";2015;15.65489;16.14837;0.58191;NA;10.40306*;2;2
"South Carolina";2016;18.09306;17.82829;0.62585;NA;10.40306*;2;2
"South Carolina";2017;20.51126;19.68298;0.66237;NA;10.40306*;2;2
"South Carolina";2018;22.64109;21.73061;0.69410;NA;10.40306*;2;2
"South Carolina";2019;22.67920;23.99126;0.69460;NA;10.40306*;2;2
"South Dakota";1999;NA;NA;0.57561;NA;NA;NA;NA
"South Dakota";2000;2.77117;NA;0.62108;NA;NA;NA;NA
"South Dakota";2001;3.22481;NA;0.66094;NA;NA;NA;NA
"South Dakota";2002;3.05142;NA;0.65368;NA;NA;NA;NA
"South Dakota";2003;3.31198;NA;0.68038;NA;NA;NA;NA
"South Dakota";2004;5.79060;NA;0.89145;NA;NA;NA;NA
"South Dakota";2005;5.52666;NA;0.88137;NA;NA;NA;NA
"South Dakota";2006;5.07753;NA;0.84361;NA;NA;NA;NA
"South Dakota";2007;4.05737;NA;0.72501;NA;NA;NA;NA
"South Dakota";2008;7.30977;NA;1.01379;NA;NA;NA;NA
"South Dakota";2009;6.65665;NA;0.97477;NA;NA;NA;NA
"South Dakota";2010;6.25983;NA;0.95498;NA;NA;NA;NA
"South Dakota";2011;7.08715;NA;0.96165;NA;NA;NA;NA
"South Dakota";2012;5.49884;NA;0.86527;NA;NA;NA;NA
"South Dakota";2013;6.94673;NA;0.95994;NA;NA;NA;NA
"South Dakota";2014;7.79516;NA;1.01032;NA;NA;NA;NA
"South Dakota";2015;8.35713;NA;1.06398;NA;NA;NA;NA
"South Dakota";2016;8.41975;NA;1.04222;NA;NA;NA;NA
"South Dakota";2017;8.45592;NA;1.01890;NA;NA;NA;NA
"South Dakota";2018;6.87665;NA;0.93210;NA;NA;NA;NA
"South Dakota";2019;10.47204;NA;1.15151;NA;NA;NA;NA
"Tennessee";1999;6.05875;5.76934;0.32693;NA;16.83310*;2;2
"Tennessee";2000;6.93059;6.74050;0.34809;NA;16.83310*;2;2
"Tennessee";2001;7.34271;7.87513;0.35701;NA;16.83310*;2;2
"Tennessee";2002;8.45714;9.20076;0.38228;NA;16.83310*;2;2
"Tennessee";2003;11.33326;10.74953;0.44161;NA;16.83310*;2;2
"Tennessee";2004;12.83680;12.55901;0.46675;NA;16.83310*;2;2
"Tennessee";2005;14.53278;14.67308;0.49445;Joinpoint 1;NA;2;2
"Tennessee";2006;15.99154;15.05913;0.51492;NA;2.63100*;2;2
"Tennessee";2007;15.84018;15.45534;0.50827;NA;2.63100*;2;2
"Tennessee";2008;14.79591;15.86197;0.48818;NA;2.63100*;2;2
"Tennessee";2009;15.15057;16.27930;0.49390;NA;2.63100*;2;2
"Tennessee";2010;16.91233;16.70761;0.52092;NA;2.63100*;2;2
"Tennessee";2011;17.15997;17.14718;0.52732;NA;2.63100*;2;2
"Tennessee";2012;17.60784;17.59832;0.53170;NA;2.63100*;2;2
"Tennessee";2013;18.10127;18.06134;0.53570;Joinpoint 2;NA;2;2
"Tennessee";2014;19.51426;19.78731;0.55738;NA;9.55615*;2;2
"Tennessee";2015;22.15708;21.67821;0.59218;NA;9.55615*;2;2
"Tennessee";2016;24.53339;23.74981;0.62022;NA;9.55615*;2;2
"Tennessee";2017;26.57722;26.01938;0.64505;NA;9.55615*;2;2
"Tennessee";2018;27.47694;28.50584;0.65765;NA;9.55615*;2;2
"Tennessee";2019;31.17861;31.22990;0.69759;NA;9.55615*;2;2
"Texas";1999;5.36762;4.96075;0.16371;NA;14.26078*;1;1
"Texas";2000;4.97861;5.66820;0.15654;NA;14.26078*;1;1
"Texas";2001;6.55817;6.47652;0.17778;NA;14.26078*;1;1
"Texas";2002;7.49702;7.40013;0.18838;NA;14.26078*;1;1
"Texas";2003;8.08436;8.45544;0.19379;Joinpoint 1;NA;1;1
"Texas";2004;8.16608;8.57583;0.19260;NA;1.42378*;1;1
"Texas";2005;8.53039;8.69793;0.19604;NA;1.42378*;1;1
"Texas";2006;9.49370;8.82177;0.20370;NA;1.42378*;1;1
"Texas";2007;9.27886;8.94737;0.19899;NA;1.42378*;1;1
"Texas";2008;8.54432;9.07476;0.18962;NA;1.42378*;1;1
"Texas";2009;9.80152;9.20397;0.20097;NA;1.42378*;1;1
"Texas";2010;9.58642;9.33501;0.19713;NA;1.42378*;1;1
"Texas";2011;10.12856;9.46792;0.20065;NA;1.42378*;1;1
"Texas";2012;9.40489;9.60273;0.19166;NA;1.42378*;1;1
"Texas";2013;9.26407;9.73945;0.18898;NA;1.42378*;1;1
"Texas";2014;9.68307;9.87812;0.19167;NA;1.42378*;1;1
"Texas";2015;9.40134;10.01876;0.18671;NA;1.42378*;1;1
"Texas";2016;10.13100;10.16141;0.19255;NA;1.42378*;1;1
"Texas";2017;10.52028;10.30608;0.19471;NA;1.42378*;1;1
"Texas";2018;10.41735;10.45282;0.19230;NA;1.42378*;1;1
"Texas";2019;10.78327;10.60164;0.19496;NA;1.42378*;1;1
"Utah";1999;10.59824;9.74726;0.75201;NA;11.49018*;2;2
"Utah";2000;10.37437;10.86724;0.72783;NA;11.49018*;2;2
"Utah";2001;10.44584;12.11591;0.73262;NA;11.49018*;2;2
"Utah";2002;14.02106;13.50805;0.83849;NA;11.49018*;2;2
"Utah";2003;16.13218;15.06015;0.87680;NA;11.49018*;2;2
"Utah";2004;16.31872;16.79058;0.87952;NA;11.49018*;2;2
"Utah";2005;19.32593;18.71985;0.94164;Joinpoint 1;NA;2;2
"Utah";2006;19.10111;19.04656;0.92378;NA;1.74527*;2;2
"Utah";2007;21.29970;19.37898;0.96140;NA;1.74527*;2;2
"Utah";2008;18.96592;19.71719;0.89386;NA;1.74527*;2;2
"Utah";2009;19.13050;20.06131;0.89295;NA;1.74527*;2;2
"Utah";2010;16.89712;20.41143;0.82790;NA;1.74527*;2;2
"Utah";2011;19.47121;20.76767;0.88335;NA;1.74527*;2;2
"Utah";2012;23.13097;21.13012;0.95840;NA;1.74527*;2;2
"Utah";2013;22.06401;21.49889;0.91938;NA;1.74527*;2;2
"Utah";2014;22.42957;21.87411;0.92617;NA;1.74527*;2;2
"Utah";2015;23.37732;22.25587;0.93214;NA;1.74527*;2;2
"Utah";2016;22.35163;22.64429;0.89858;NA;1.74527*;2;2
"Utah";2017;22.28252;23.03950;0.88555;Joinpoint 2;NA;2;2
"Utah";2018;21.18339;20.95515;0.85935;NA;-9.04683;2;2
"Utah";2019;18.94714;19.05937;0.80262;NA;-9.04683;2;2
"Vermont";1999;4.69125;6.53562;0.87269;NA;5.21626*;1;1
"Vermont";2000;5.79881;6.87654;0.97041;NA;5.21626*;1;1
"Vermont";2001;7.08990;7.23523;1.07521;NA;5.21626*;1;1
"Vermont";2002;7.50619;7.61264;1.10081;NA;5.21626*;1;1
"Vermont";2003;10.23013;8.00974;1.28109;NA;5.21626*;1;1
"Vermont";2004;8.01577;8.42755;1.15017;NA;5.21626*;1;1
"Vermont";2005;8.46756;8.86715;1.18341;NA;5.21626*;1;1
"Vermont";2006;12.22627;9.32968;1.43588;NA;5.21626*;1;1
"Vermont";2007;10.84594;9.81634;1.36241;NA;5.21626*;1;1
"Vermont";2008;10.94715;10.32839;1.31446;NA;5.21626*;1;1
"Vermont";2009;8.29275;10.86714;1.15220;NA;5.21626*;1;1
"Vermont";2010;9.69895;11.43400;1.26797;NA;5.21626*;1;1
"Vermont";2011;12.88649;12.03043;1.46430;NA;5.21626*;1;1
"Vermont";2012;10.94780;12.65797;1.35950;Joinpoint 1;NA;1;1
"Vermont";2013;15.05426;14.13876;1.62975;NA;11.69850*;1;1
"Vermont";2014;13.94444;15.79278;1.58317;NA;11.69850*;1;1
"Vermont";2015;16.69785;17.64030;1.73120;NA;11.69850*;1;1
"Vermont";2016;22.17022;19.70395;2.04750;NA;11.69850*;1;1
"Vermont";2017;23.15769;22.00902;2.07521;NA;11.69850*;1;1
"Vermont";2018;26.64670;24.58374;2.22471;NA;11.69850*;1;1
"Vermont";2019;23.76105;27.45967;2.12128;NA;11.69850*;1;1
"Virginia";1999;5.04930;5.31695;0.26442;NA;6.76480*;2;2
"Virginia";2000;5.62435;5.67663;0.27787;NA;6.76480*;2;2
"Virginia";2001;6.16646;6.06064;0.28809;NA;6.76480*;2;2
"Virginia";2002;6.79558;6.47063;0.30180;NA;6.76480*;2;2
"Virginia";2003;7.23124;6.90835;0.30996;NA;6.76480*;2;2
"Virginia";2004;7.32499;7.37569;0.31079;NA;6.76480*;2;2
"Virginia";2005;7.51123;7.87464;0.31274;NA;6.76480*;2;2
"Virginia";2006;8.03838;8.40734;0.32167;NA;6.76480*;2;2
"Virginia";2007;8.89510;8.97608;0.33785;Joinpoint 1;NA;2;2
"Virginia";2008;9.01630;8.59939;0.33852;NA;-4.19660;2;2
"Virginia";2009;8.53706;8.23851;0.32888;NA;-4.19660;2;2
"Virginia";2010;6.81198;7.89278;0.29120;Joinpoint 2;NA;2;2
"Virginia";2011;9.74291;8.74437;0.34911;NA;10.78955*;2;2
"Virginia";2012;8.91885;9.68785;0.33316;NA;10.78955*;2;2
"Virginia";2013;10.23610;10.73312;0.35487;NA;10.78955*;2;2
"Virginia";2014;11.71347;11.89118;0.37994;NA;10.78955*;2;2
"Virginia";2015;12.36039;13.17418;0.38933;NA;10.78955*;2;2
"Virginia";2016;16.74628;14.59562;0.45378;NA;10.78955*;2;2
"Virginia";2017;17.85365;16.17042;0.46766;NA;10.78955*;2;2
"Virginia";2018;17.12479;17.91514;0.45774;NA;10.78955*;2;2
"Virginia";2019;18.29423;19.84810;0.47311;NA;10.78955*;2;2
"Washington";1999;9.29739;9.41499;0.39506;NA;-4.85704;2;2
"Washington";2000;9.18532;8.95770;0.38996;NA;-4.85704;2;2
"Washington";2001;8.12953;8.52262;0.36440;Joinpoint 1;NA;2;2
"Washington";2002;10.41421;9.85825;0.41152;NA;15.67158;2;2
"Washington";2003;11.06799;11.40319;0.42069;NA;15.67158;2;2
"Washington";2004;12.74974;13.19025;0.44969;Joinpoint 2;NA;2;2
"Washington";2005;13.03322;13.30690;0.44950;NA;0.88437*;2;2
"Washington";2006;13.57495;13.42459;0.45627;NA;0.88437*;2;2
"Washington";2007;14.37389;13.54331;0.46724;NA;0.88437*;2;2
"Washington";2008;14.76039;13.66308;0.46896;NA;0.88437*;2;2
"Washington";2009;14.30408;13.78391;0.46098;NA;0.88437*;2;2
"Washington";2010;13.10383;13.90581;0.43879;NA;0.88437*;2;2
"Washington";2011;14.09880;14.02879;0.45405;NA;0.88437*;2;2
"Washington";2012;13.68826;14.15286;0.44339;NA;0.88437*;2;2
"Washington";2013;13.42486;14.27802;0.43927;NA;0.88437*;2;2
"Washington";2014;13.27635;14.40429;0.43230;NA;0.88437*;2;2
"Washington";2015;14.74169;14.53168;0.45457;NA;0.88437*;2;2
"Washington";2016;14.51054;14.66019;0.44736;NA;0.88437*;2;2
"Washington";2017;15.16761;14.78984;0.45301;NA;0.88437*;2;2
"Washington";2018;14.77109;14.92064;0.44252;NA;0.88437*;2;2
"Washington";2019;15.84233;15.05259;0.45665;NA;0.88437*;2;2
"West Virginia";1999;4.14550;9.39559;0.48042;NA;9.86960*;0;0
"West Virginia";2000;6.22801;10.32289;0.58863;NA;9.86960*;0;0
"West Virginia";2001;11.46962;11.34172;0.80446;NA;9.86960*;0;0
"West Virginia";2002;12.94549;12.46111;0.86133;NA;9.86960*;0;0
"West Virginia";2003;15.12104;13.69097;0.94119;NA;9.86960*;0;0
"West Virginia";2004;18.80173;15.04221;1.04092;NA;9.86960*;0;0
"West Virginia";2005;10.50071;16.52682;0.78192;NA;9.86960*;0;0
"West Virginia";2006;20.35207;18.15795;1.08251;NA;9.86960*;0;0
"West Virginia";2007;22.44830;19.95007;1.14187;NA;9.86960*;0;0
"West Virginia";2008;25.74204;21.91906;1.22138;NA;9.86960*;0;0
"West Virginia";2009;12.43289;24.08238;0.84214;NA;9.86960*;0;0
"West Virginia";2010;28.88551;26.45922;1.30140;NA;9.86960*;0;0
"West Virginia";2011;36.28959;29.07064;1.46744;NA;9.86960*;0;0
"West Virginia";2012;32.00212;31.93979;1.38486;NA;9.86960*;0;0
"West Virginia";2013;32.19892;35.09212;1.38089;NA;9.86960*;0;0
"West Virginia";2014;35.50521;38.55557;1.45259;NA;9.86960*;0;0
"West Virginia";2015;41.49358;42.36086;1.58152;NA;9.86960*;0;0
"West Virginia";2016;52.02109;46.54170;1.79198;NA;9.86960*;0;0
"West Virginia";2017;57.76619;51.13519;1.90128;NA;9.86960*;0;0
"West Virginia";2018;51.47410;56.18202;1.80496;NA;9.86960*;0;0
"West Virginia";2019;52.84428;61.72697;1.84044;NA;9.86960*;0;0
"Wisconsin";1999;3.96714;3.91166;0.27258;NA;15.53362*;3;3
"Wisconsin";2000;4.59994;4.51928;0.29222;NA;15.53362*;3;3
"Wisconsin";2001;4.97187;5.22129;0.30341;NA;15.53362*;3;3
"Wisconsin";2002;6.18748;6.03234;0.33603;NA;15.53362*;3;3
"Wisconsin";2003;6.98995;6.96938;0.35810;NA;15.53362*;3;3
"Wisconsin";2004;7.85806;8.05198;0.37735;NA;15.53362*;3;3
"Wisconsin";2005;9.33670;9.30274;0.41256;NA;15.53362*;3;3
"Wisconsin";2006;10.63656;10.74779;0.44031;Joinpoint 1;NA;3;3
"Wisconsin";2007;11.09762;10.76556;0.44934;NA;0.16532;3;3
"Wisconsin";2008;10.60394;10.78336;0.43621;NA;0.16532;3;3
"Wisconsin";2009;10.93477;10.80119;0.44203;NA;0.16532;3;3
"Wisconsin";2010;10.94225;10.81904;0.44385;Joinpoint 2;NA;3;3
"Wisconsin";2011;12.07660;11.83282;0.46613;NA;9.37036*;3;3
"Wisconsin";2012;12.22655;12.94160;0.47472;NA;9.37036*;3;3
"Wisconsin";2013;15.02847;14.15428;0.52496;NA;9.37036*;3;3
"Wisconsin";2014;15.06479;15.48058;0.52857;NA;9.37036*;3;3
"Wisconsin";2015;15.47194;16.93117;0.53525;NA;9.37036*;3;3
"Wisconsin";2016;19.28727;18.51768;0.60416;NA;9.37036*;3;3
"Wisconsin";2017;21.16791;20.25285;0.63259;Joinpoint 3;NA;3;3
"Wisconsin";2018;19.22151;20.41299;0.60006;NA;0.79069;3;3
"Wisconsin";2019;21.14247;20.57439;0.62815;NA;0.79069;3;3
"Wyoming";1999;4.09565;4.51570;0.91882;NA;10.96752*;1;1
"Wyoming";2000;4.60544;5.01097;0.98469;NA;10.96752*;1;1
"Wyoming";2001;4.50323;5.56054;0.96530;NA;10.96752*;1;1
"Wyoming";2002;6.92142;6.17040;1.19565;NA;10.96752*;1;1
"Wyoming";2003;5.90282;6.84714;1.08929;NA;10.96752*;1;1
"Wyoming";2004;9.09353;7.59810;1.35994;NA;10.96752*;1;1
"Wyoming";2005;4.90275;8.43142;0.97898;NA;10.96752*;1;1
"Wyoming";2006;10.56195;9.35614;1.44873;NA;10.96752*;1;1
"Wyoming";2007;12.26664;10.38228;1.57448;NA;10.96752*;1;1
"Wyoming";2008;14.04528;11.52096;1.66440;NA;10.96752*;1;1
"Wyoming";2009;10.95077;12.78452;1.44087;NA;10.96752*;1;1
"Wyoming";2010;14.95557;14.18667;1.66261;NA;10.96752*;1;1
"Wyoming";2011;15.20820;15.74259;1.69454;NA;10.96752*;1;1
"Wyoming";2012;16.75072;17.46916;1.73782;NA;10.96752*;1;1
"Wyoming";2013;17.24222;19.38510;1.78648;Joinpoint 1;NA;1;1
"Wyoming";2014;19.38225;17.98899;1.90026;NA;-7.20196*;1;1
"Wyoming";2015;16.44542;16.69343;1.72940;NA;-7.20196*;1;1
"Wyoming";2016;17.58707;15.49118;1.81892;NA;-7.20196*;1;1
"Wyoming";2017;12.20403;14.37551;1.51336;NA;-7.20196*;1;1
"Wyoming";2018;11.09357;13.34019;1.40936;NA;-7.20196*;1;1
"Wyoming";2019;14.11318;12.37944;1.62823;NA;-7.20196*;1;1
"US";1999;6.05703;5.88466;0.04671;NA;9.90878*;3;3
"US";2000;6.17486;6.46776;0.04682;NA;9.90878*;3;3
"US";2001;6.79219;7.10864;0.04881;NA;9.90878*;3;3
"US";2002;8.19574;7.81301;0.05349;NA;9.90878*;3;3
"US";2003;8.87645;8.58719;0.05537;NA;9.90878*;3;3
"US";2004;9.38312;9.43807;0.05681;NA;9.90878*;3;3
"US";2005;10.06992;10.37327;0.05853;NA;9.90878*;3;3
"US";2006;11.48829;11.40114;0.06222;Joinpoint 1;NA;3;3
"US";2007;11.87746;11.66959;0.06298;NA;2.35462*;3;3
"US";2008;11.89470;11.94436;0.06280;NA;2.35462*;3;3
"US";2009;11.93883;12.22561;0.06268;NA;2.35462*;3;3
"US";2010;12.29664;12.51347;0.06355;NA;2.35462*;3;3
"US";2011;13.18521;12.80812;0.06574;NA;2.35462*;3;3
"US";2012;13.14219;13.10970;0.06546;NA;2.35462*;3;3
"US";2013;13.80047;13.41838;0.06688;Joinpoint 2;NA;3;3
"US";2014;14.68307;15.09113;0.06887;NA;12.46608*;3;3
"US";2015;16.29234;16.97240;0.07248;NA;12.46608*;3;3
"US";2016;19.78514;19.08819;0.07996;NA;12.46608*;3;3
"US";2017;21.70478;21.46774;0.08355;Joinpoint 3;NA;3;3
"US";2018;20.71124;21.39141;0.08151;NA;-0.35553;3;3
"US";2019;21.64695;21.31536;0.08327;NA;-0.35553;3;3
