"state";"Model";"Segment";"Segment Start";"Segment End";"APC";"APC 95% LCL";"APC 95% UCL";"APC Significant";"Test Statistic";"P-Value"
"Alabama";3;0;1999;2003;3.127;-9.644;17.704;0;0.519;0.61506
"Alabama";3;1;2003;2008;22.656;11.503;34.925;1;4.773;0.00075
"Alabama";3;2;2008;2011;-2.876;-23.666;23.578;0;-0.270;0.79273
"Alabama";3;3;2011;2019;5.137;2.578;7.761;1;4.529;0.00109
"Alaska";0;0;1999;2019;3.321;1.899;4.763;1;4.935;0.00009
"Arizona";1;0;1999;2016;3.736;3.153;4.323;1;13.798;0.00000
"Arizona";1;1;2016;2019;9.165;3.192;15.484;1;3.304;0.00448
"Arkansas";1;0;1999;2006;14.599;9.901;19.497;1;6.902;0.00000
"Arkansas";1;1;2006;2019;2.216;1.067;3.379;1;4.108;0.00082
"California";0;0;1999;2019;3.114;2.076;4.163;1;6.342;0.00000
"Colorado";1;0;1999;2007;7.802;5.540;10.112;1;7.510;0.00000
"Colorado";1;1;2007;2019;1.802;0.947;2.664;1;4.491;0.00037
"Connecticut";2;0;1999;2012;2.351;0.833;3.892;1;3.359;0.00513
"Connecticut";2;1;2012;2016;23.420;11.212;36.968;1;4.365;0.00077
"Connecticut";2;2;2016;2019;7.410;-0.924;16.445;0;1.912;0.07815
"Delaware";1;0;1999;2014;7.886;5.945;9.861;1;8.866;0.00000
"Delaware";1;1;2014;2019;19.737;13.418;26.408;1;7.043;0.00000
"District of Columbia";1;0;1999;2011;-1.756;-8.346;5.308;0;-0.541;0.59611
"District of Columbia";1;1;2011;2019;19.553;10.023;29.908;1;4.558;0.00032
"Florida";3;0;1999;2009;7.967;5.065;10.950;1;6.268;0.00009
"Florida";3;1;2009;2013;-10.356;-22.328;3.460;0;-1.699;0.12008
"Florida";3;2;2013;2016;24.751;-6.117;65.767;0;1.733;0.11369
"Florida";3;3;2016;2019;3.400;-7.051;15.026;0;0.699;0.50044
"Georgia";3;0;1999;2001;31.378;7.394;60.718;1;3.017;0.01297
"Georgia";3;1;2001;2006;8.434;3.689;13.395;1;4.032;0.00239
"Georgia";3;2;2006;2017;4.037;3.167;4.914;1;10.498;0.00000
"Georgia";3;3;2017;2019;-2.757;-11.744;7.144;0;-0.642;0.53501
"Hawaii";0;0;1999;2019;4.706;3.858;5.561;1;11.838;0.00000
"Idaho";3;0;1999;2002;20.819;4.006;40.349;1;2.812;0.01840
"Idaho";3;1;2002;2005;-3.902;-26.385;25.448;0;-0.333;0.74620
"Idaho";3;2;2005;2010;9.437;2.060;17.347;1;2.879;0.01640
"Idaho";3;3;2010;2019;2.630;0.941;4.347;1;3.487;0.00586
"Illinois";2;0;1999;2014;4.467;3.406;5.539;1;9.250;0.00000
"Illinois";2;1;2014;2017;18.466;-1.101;41.905;0;2.028;0.06358
"Illinois";2;2;2017;2019;0.453;-14.195;17.602;0;0.062;0.95152
"Indiana";3;0;1999;2006;21.471;18.552;24.462;1;17.816;0.00000
"Indiana";3;1;2006;2014;4.789;3.250;6.352;1;7.043;0.00004
"Indiana";3;2;2014;2017;17.366;7.167;28.535;1;3.925;0.00284
"Indiana";3;3;2017;2019;-4.224;-11.835;4.043;0;-1.161;0.27242
"Iowa";1;0;1999;2007;17.114;13.211;21.153;1;9.879;0.00000
"Iowa";1;1;2007;2019;4.162;2.977;5.360;1;7.556;0.00000
"Kansas";1;0;1999;2004;20.076;11.614;29.179;1;5.307;0.00007
"Kansas";1;1;2004;2019;2.788;1.852;3.733;1;6.370;0.00001
"Kentucky";2;0;1999;2003;27.983;12.339;45.805;1;4.088;0.00128
"Kentucky";2;1;2003;2017;7.191;5.870;8.530;1;12.091;0.00000
"Kentucky";2;2;2017;2019;-4.717;-21.454;15.585;0;-0.540;0.59802
"Louisiana";2;0;1999;2006;22.173;16.960;27.618;1;9.922;0.00000
"Louisiana";2;1;2006;2010;-9.825;-19.805;1.398;0;-1.905;0.07918
"Louisiana";2;2;2010;2019;9.770;7.669;11.912;1;10.421;0.00000
"Maine";3;0;1999;2003;26.734;12.665;42.560;1;4.486;0.00117
"Maine";3;1;2003;2012;-0.367;-3.529;2.899;0;-0.254;0.80474
"Maine";3;2;2012;2017;23.881;14.975;33.477;1;6.396;0.00008
"Maine";3;3;2017;2019;-7.650;-23.966;12.166;0;-0.912;0.38312
"Maryland";2;0;1999;2013;0.620;-0.478;1.730;0;1.217;0.24513
"Maryland";2;1;2013;2016;36.200;13.464;63.491;1;3.655;0.00291
"Maryland";2;2;2016;2019;6.241;-0.472;13.407;0;2.004;0.06640
"Massachusetts";3;0;1999;2006;8.128;2.775;13.759;1;3.430;0.00644
"Massachusetts";3;1;2006;2012;-2.343;-9.124;4.944;0;-0.734;0.47975
"Massachusetts";3;2;2012;2016;28.660;13.035;46.446;1;4.337;0.00147
"Massachusetts";3;3;2016;2019;-0.543;-10.223;10.180;0;-0.119;0.90798
"Michigan";3;0;1999;2009;11.167;9.644;12.710;1;17.109;0.00000
"Michigan";3;1;2009;2012;-2.660;-14.996;11.465;0;-0.443;0.66693
"Michigan";3;2;2012;2017;15.487;11.302;19.829;1;8.693;0.00001
"Michigan";3;3;2017;2019;-5.959;-15.131;4.205;0;-1.334;0.21184
"Minnesota";1;0;1999;2006;12.467;7.609;17.544;1;5.641;0.00004
"Minnesota";1;1;2006;2019;6.401;5.273;7.540;1;12.348;0.00000
"Mississippi";1;0;1999;2006;15.403;10.913;20.075;1;7.652;0.00000
"Mississippi";1;1;2006;2019;0.908;-0.164;1.992;0;1.793;0.09182
"Missouri";1;0;1999;2004;16.577;8.075;25.749;1;4.294;0.00056
"Missouri";1;1;2004;2019;6.595;5.663;7.536;1;15.407;0.00000
"Montana";2;0;1999;2003;24.306;9.301;41.370;1;3.654;0.00291
"Montana";2;1;2003;2009;5.589;-0.970;12.583;0;1.832;0.08996
"Montana";2;2;2009;2019;-1.030;-3.102;1.087;0;-1.057;0.30979
"Nebraska";1;0;1999;2011;7.881;5.401;10.419;1;6.914;0.00000
"Nebraska";1;1;2011;2019;1.465;-1.594;4.619;0;1.007;0.32882
"Nevada";1;0;1999;2009;5.546;3.881;7.237;1;7.196;0.00000
"Nevada";1;1;2009;2019;-0.129;-1.316;1.073;0;-0.229;0.82200
"New Hampshire";3;0;1999;2003;27.742;4.645;55.938;1;2.735;0.02100
"New Hampshire";3;1;2003;2012;3.898;-0.915;8.943;0;1.796;0.10264
"New Hampshire";3;2;2012;2016;31.182;11.414;54.457;1;3.703;0.00409
"New Hampshire";3;3;2016;2019;-7.924;-19.369;5.147;0;-1.386;0.19595
"New Jersey";1;0;1999;2009;-0.098;-3.832;3.782;0;-0.055;0.95721
"New Jersey";1;1;2009;2019;16.054;13.179;19.003;1;12.581;0.00000
"New Mexico";1;0;1999;2008;6.096;3.862;8.377;1;5.896;0.00002
"New Mexico";1;1;2008;2019;1.146;-0.159;2.469;0;1.860;0.08135
"New York";0;0;1999;2019;8.398;7.162;9.647;1;14.724;0.00000
"North Carolina";3;0;1999;2005;15.180;11.611;18.864;1;10.003;0.00000
"North Carolina";3;1;2005;2014;1.579;0.140;3.037;1;2.447;0.03441
"North Carolina";3;2;2014;2017;21.083;8.678;34.903;1;3.944;0.00276
"North Carolina";3;3;2017;2019;-3.747;-12.479;5.855;0;-0.895;0.39186
"Ohio";2;0;1999;2014;10.385;8.207;12.606;1;10.711;0.00000
"Ohio";2;1;2014;2017;23.357;-5.170;60.466;0;1.724;0.10833
"Ohio";2;2;2017;2019;-10.980;-30.812;14.536;0;-0.997;0.33695
"Oklahoma";1;0;1999;2007;16.265;11.276;21.478;1;7.284;0.00000
"Oklahoma";1;1;2007;2019;0.034;-1.604;1.699;0;0.044;0.96552
"Oregon";1;0;1999;2006;11.330;7.749;15.029;1;6.960;0.00000
"Oregon";1;1;2006;2019;0.067;-0.877;1.020;0;0.150;0.88230
"Pennsylvania";2;0;1999;2014;6.480;5.496;7.473;1;14.616;0.00000
"Pennsylvania";2;1;2014;2017;27.466;10.612;46.887;1;3.697;0.00269
"Pennsylvania";2;2;2017;2019;-12.294;-23.200;0.161;0;-2.134;0.05244
"Rhode Island";0;0;1999;2019;7.405;6.240;8.583;1;13.706;0.00000
"South Carolina";2;0;1999;2007;14.620;10.110;19.315;1;7.343;0.00001
"South Carolina";2;1;2007;2013;0.228;-5.582;6.395;0;0.082;0.93564
"South Carolina";2;2;2013;2019;10.403;6.403;14.554;1;5.793;0.00006
"Tennessee";2;0;1999;2005;16.833;13.051;20.741;1;10.215;0.00000
"Tennessee";2;1;2005;2013;2.631;0.776;4.520;1;3.076;0.00885
"Tennessee";2;2;2013;2019;9.556;7.534;11.617;1;10.581;0.00000
"Texas";1;0;1999;2003;14.261;7.179;21.810;1;4.417;0.00043
"Texas";1;1;2003;2019;1.424;0.850;2.001;1;5.281;0.00007
"Utah";2;0;1999;2005;11.490;5.511;17.808;1;4.263;0.00092
"Utah";2;1;2005;2017;1.745;0.190;3.325;1;2.427;0.03052
"Utah";2;2;2017;2019;-9.047;-26.777;12.977;0;-0.945;0.36201
"Vermont";1;0;1999;2012;5.216;2.191;8.331;1;3.695;0.00196
"Vermont";1;1;2012;2019;11.699;6.102;17.591;1;4.562;0.00032
"Virginia";2;0;1999;2007;6.765;2.902;10.773;1;3.837;0.00206
"Virginia";2;1;2007;2010;-4.197;-27.758;27.049;0;-0.328;0.74804
"Virginia";2;2;2010;2019;10.790;8.490;13.138;1;10.553;0.00000
"Washington";2;0;1999;2001;-4.857;-21.656;15.544;0;-0.554;0.58919
"Washington";2;1;2001;2004;15.672;-3.125;38.115;0;1.774;0.09954
"Washington";2;2;2004;2019;0.884;0.272;1.501;1;3.123;0.00808
"West Virginia";0;0;1999;2019;9.870;8.022;11.749;1;11.616;0.00000
"Wisconsin";3;0;1999;2006;15.534;12.166;19.002;1;10.876;0.00000
"Wisconsin";3;1;2006;2010;0.165;-7.599;8.582;0;0.046;0.96451
"Wisconsin";3;2;2010;2017;9.370;6.802;12.001;1;8.398;0.00001
"Wisconsin";3;3;2017;2019;0.791;-10.744;13.816;0;0.144;0.88807
"Wyoming";1;0;1999;2013;10.968;7.989;14.028;1;8.108;0.00000
"Wyoming";1;1;2013;2019;-7.202;-13.421;-0.537;1;-2.284;0.03634
"US";3;0;1999;2006;9.909;8.092;11.756;1;12.629;0.00000
"US";3;1;2006;2013;2.355;0.723;4.013;1;3.227;0.00907
"US";3;2;2013;2017;12.466;8.020;17.095;1;6.489;0.00007
"US";3;3;2017;2019;-0.356;-7.275;7.080;0;-0.110;0.91438
